0.000000 0.000000 0.000000
0.003922 0.133333 0.137255
0.007843 0.270588 0.278431
0.011765 0.403922 0.415686
0.019608 0.537255 0.552941
0.023529 0.670588 0.690196
0.027451 0.807843 0.831373
0.031373 0.941176 0.968627
0.074510 0.854902 0.925490
0.078431 0.843137 0.921569
0.086275 0.831373 0.913725
0.090196 0.823529 0.909804
0.094118 0.811765 0.901961
0.101961 0.800000 0.898039
0.105882 0.788235 0.894118
0.113725 0.780392 0.886274
0.117647 0.768627 0.882353
0.121569 0.756863 0.878431
0.129412 0.745098 0.870588
0.133333 0.737255 0.866667
0.137255 0.725490 0.858824
0.145098 0.713726 0.854902
0.149020 0.701961 0.850980
0.152941 0.694118 0.843137
0.160784 0.682353 0.839216
0.164706 0.670588 0.835294
0.172549 0.658824 0.827451
0.176471 0.650980 0.823529
0.180392 0.639216 0.815686
0.188235 0.627451 0.811765
0.192157 0.615686 0.807843
0.196078 0.603922 0.800000
0.203922 0.596078 0.796078
0.207843 0.584314 0.788235
0.215686 0.572549 0.784314
0.219608 0.560784 0.780392
0.223529 0.552941 0.772549
0.231373 0.541176 0.768627
0.235294 0.529412 0.764706
0.239216 0.517647 0.756863
0.247059 0.509804 0.752941
0.250980 0.498039 0.745098
0.254902 0.486274 0.741177
0.262745 0.474510 0.737255
0.266667 0.466667 0.729412
0.274510 0.454902 0.725490
0.278431 0.443137 0.721569
0.282353 0.431373 0.713726
0.290196 0.423529 0.709804
0.294118 0.411765 0.701961
0.298039 0.400000 0.698039
0.305882 0.388235 0.694118
0.309804 0.380392 0.686275
0.313725 0.368627 0.682353
0.321569 0.356863 0.678431
0.325490 0.345098 0.670588
0.333333 0.337255 0.666667
0.337255 0.325490 0.658824
0.341176 0.313725 0.654902
0.349020 0.301961 0.650980
0.352941 0.290196 0.643137
0.356863 0.282353 0.639216
0.364706 0.270588 0.631373
0.368627 0.258824 0.627451
0.376471 0.247059 0.623529
0.380392 0.239216 0.615686
0.384314 0.227451 0.611765
0.392157 0.215686 0.607843
0.396078 0.203922 0.600000
0.400000 0.196078 0.596078
0.407843 0.184314 0.588235
0.411765 0.172549 0.584314
0.415686 0.160784 0.580392
0.423529 0.152941 0.572549
0.427451 0.141176 0.568627
0.435294 0.129412 0.564706
0.439216 0.117647 0.556863
0.443137 0.109804 0.552941
0.450980 0.098039 0.545098
0.454902 0.086275 0.541176
0.458824 0.074510 0.537255
0.466667 0.066667 0.529412
0.470588 0.054902 0.525490
0.478431 0.043137 0.521569
0.482353 0.031373 0.513725
0.486274 0.023529 0.509804
0.494118 0.011765 0.501961
0.498039 0.000000 0.498039
0.501961 0.007843 0.501961
0.501961 0.011765 0.501961
0.505882 0.019608 0.505882
0.509804 0.023529 0.509804
0.509804 0.031373 0.509804
0.513725 0.035294 0.513725
0.517647 0.043137 0.517647
0.521569 0.047059 0.521569
0.521569 0.054902 0.521569
0.525490 0.058824 0.525490
0.529412 0.066667 0.529412
0.529412 0.074510 0.529412
0.533333 0.078431 0.533333
0.537255 0.086275 0.537255
0.537255 0.090196 0.537255
0.541176 0.098039 0.541176
0.545098 0.101961 0.545098
0.545098 0.109804 0.545098
0.549020 0.113725 0.549020
0.552941 0.121569 0.552941
0.556863 0.125490 0.556863
0.556863 0.133333 0.556863
0.560784 0.141176 0.560784
0.564706 0.145098 0.564706
0.564706 0.152941 0.564706
0.568627 0.156863 0.568627
0.572549 0.164706 0.572549
0.572549 0.168627 0.572549
0.576471 0.176471 0.576471
0.580392 0.180392 0.580392
0.580392 0.188235 0.580392
0.584314 0.192157 0.584314
0.588235 0.200000 0.588235
0.592157 0.203922 0.592157
0.592157 0.211765 0.592157
0.596078 0.219608 0.596078
0.600000 0.223529 0.600000
0.600000 0.231373 0.600000
0.603922 0.235294 0.603922
0.607843 0.243137 0.607843
0.607843 0.247059 0.607843
0.611765 0.254902 0.611765
0.615686 0.258824 0.615686
0.615686 0.266667 0.615686
0.619608 0.270588 0.619608
0.623529 0.278431 0.623529
0.623529 0.286275 0.623529
0.627451 0.290196 0.627451
0.631373 0.298039 0.631373
0.635294 0.301961 0.635294
0.635294 0.309804 0.635294
0.639216 0.313725 0.639216
0.643137 0.321569 0.643137
0.643137 0.325490 0.643137
0.647059 0.333333 0.647059
0.650980 0.337255 0.650980
0.650980 0.345098 0.650980
0.654902 0.352941 0.654902
0.658824 0.356863 0.658824
0.658824 0.364706 0.658824
0.662745 0.368627 0.662745
0.666667 0.376471 0.666667
0.670588 0.380392 0.670588
0.670588 0.388235 0.670588
0.674510 0.392157 0.674510
0.678431 0.400000 0.678431
0.678431 0.403922 0.678431
0.682353 0.411765 0.682353
0.686275 0.419608 0.686275
0.686275 0.423529 0.686275
0.690196 0.431373 0.690196
0.694118 0.435294 0.694118
0.694118 0.443137 0.694118
0.698039 0.447059 0.698039
0.701961 0.454902 0.701961
0.705882 0.458824 0.705882
0.705882 0.466667 0.705882
0.709804 0.470588 0.709804
0.713726 0.478431 0.713726
0.713726 0.482353 0.713726
0.717647 0.490196 0.717647
0.721569 0.498039 0.721569
0.721569 0.501961 0.721569
0.725490 0.509804 0.725490
0.729412 0.513725 0.729412
0.729412 0.521569 0.729412
0.733333 0.525490 0.733333
0.737255 0.533333 0.737255
0.741177 0.537255 0.741177
0.741177 0.545098 0.741177
0.745098 0.549020 0.745098
0.749020 0.556863 0.749020
0.749020 0.564706 0.749020
0.752941 0.568627 0.752941
0.756863 0.576471 0.756863
0.756863 0.580392 0.756863
0.760784 0.588235 0.760784
0.764706 0.592157 0.764706
0.764706 0.600000 0.764706
0.768627 0.603922 0.768627
0.772549 0.611765 0.772549
0.776471 0.615686 0.776471
0.776471 0.623529 0.776471
0.780392 0.631373 0.780392
0.784314 0.635294 0.784314
0.784314 0.643137 0.784314
0.788235 0.647059 0.788235
0.792157 0.654902 0.792157
0.792157 0.658824 0.792157
0.796078 0.666667 0.796078
0.800000 0.670588 0.800000
0.800000 0.678431 0.800000
0.803922 0.682353 0.803922
0.807843 0.690196 0.807843
0.807843 0.698039 0.807843
0.811765 0.701961 0.811765
0.815686 0.709804 0.815686
0.819608 0.713726 0.819608
0.819608 0.721569 0.819608
0.823529 0.725490 0.823529
0.827451 0.733333 0.827451
0.827451 0.737255 0.827451
0.831373 0.745098 0.831373
0.835294 0.749020 0.835294
0.835294 0.756863 0.835294
0.839216 0.760784 0.839216
0.843137 0.768627 0.843137
0.843137 0.776471 0.843137
0.847059 0.780392 0.847059
0.850980 0.788235 0.850980
0.854902 0.792157 0.854902
0.854902 0.800000 0.854902
0.858824 0.803922 0.858824
0.862745 0.811765 0.862745
0.862745 0.815686 0.862745
0.866667 0.823529 0.866667
0.870588 0.827451 0.870588
0.870588 0.835294 0.870588
0.874510 0.843137 0.874510
0.878431 0.847059 0.878431
0.878431 0.854902 0.878431
0.882353 0.858824 0.882353
0.886274 0.866667 0.886274
0.890196 0.870588 0.890196
0.890196 0.878431 0.890196
0.894118 0.882353 0.894118
0.898039 0.890196 0.898039
0.898039 0.894118 0.898039
0.901961 0.901961 0.901961
0.901961 0.901961 0.901961
0.894118 0.894118 0.894118
0.886274 0.886274 0.886274
0.878431 0.878431 0.878431
0.874510 0.874510 0.874510
0.866667 0.866667 0.866667
0.858824 0.858824 0.858824
0.850980 0.850980 0.850980
0.843137 0.843137 0.843137
0.835294 0.835294 0.835294
0.827451 0.827451 0.827451
0.823529 0.823529 0.823529
0.815686 0.815686 0.815686
0.807843 0.807843 0.807843
0.800000 0.800000 0.800000
0.792157 0.792157 0.792157
0.784314 0.784314 0.784314
0.776471 0.776471 0.776471
0.772549 0.772549 0.772549
0.764706 0.764706 0.764706
0.756863 0.756863 0.756863
0.749020 0.749020 0.749020
0.741177 0.741177 0.741177
0.733333 0.733333 0.733333
0.725490 0.725490 0.725490
0.721569 0.721569 0.721569
0.713726 0.713726 0.713726
0.705882 0.705882 0.705882
0.698039 0.698039 0.698039
0.690196 0.690196 0.690196
0.682353 0.682353 0.682353
0.678431 0.678431 0.678431
0.670588 0.670588 0.670588
0.662745 0.662745 0.662745
0.654902 0.654902 0.654902
0.647059 0.647059 0.647059
0.639216 0.639216 0.639216
0.631373 0.631373 0.631373
0.627451 0.627451 0.627451
0.619608 0.619608 0.619608
0.611765 0.611765 0.611765
0.603922 0.603922 0.603922
0.596078 0.596078 0.596078
0.588235 0.588235 0.588235
0.580392 0.580392 0.580392
0.576471 0.576471 0.576471
0.568627 0.568627 0.568627
0.560784 0.560784 0.560784
0.552941 0.552941 0.552941
0.545098 0.545098 0.545098
0.537255 0.537255 0.537255
0.529412 0.529412 0.529412
0.525490 0.525490 0.525490
0.517647 0.517647 0.517647
0.509804 0.509804 0.509804
0.501961 0.501961 0.501961
0.494118 0.494118 0.494118
0.486274 0.486274 0.486274
0.478431 0.478431 0.478431
0.474510 0.474510 0.474510
0.466667 0.466667 0.466667
0.458824 0.458824 0.458824
0.450980 0.450980 0.450980
0.443137 0.443137 0.443137
0.435294 0.435294 0.435294
0.427451 0.427451 0.427451
0.423529 0.423529 0.423529
0.415686 0.415686 0.415686
0.407843 0.407843 0.407843
0.400000 0.400000 0.400000
0.392157 0.392157 0.392157
0.384314 0.384314 0.384314
0.376471 0.376471 0.376471
0.372549 0.372549 0.372549
0.364706 0.364706 0.364706
0.356863 0.356863 0.356863
0.349020 0.349020 0.349020
0.341176 0.341176 0.341176
0.333333 0.333333 0.333333
0.325490 0.325490 0.325490
0.321569 0.321569 0.321569
0.313725 0.313725 0.313725
0.305882 0.305882 0.305882
0.298039 0.298039 0.298039
0.290196 0.290196 0.290196
0.282353 0.282353 0.282353
0.274510 0.274510 0.274510
0.270588 0.270588 0.270588
0.262745 0.262745 0.262745
0.254902 0.254902 0.254902
0.247059 0.247059 0.247059
0.239216 0.239216 0.239216
0.231373 0.231373 0.231373
0.227451 0.227451 0.227451
0.219608 0.219608 0.219608
0.211765 0.211765 0.211765
0.203922 0.203922 0.203922
0.196078 0.196078 0.196078
0.188235 0.188235 0.188235
0.180392 0.180392 0.180392
0.176471 0.176471 0.176471
0.168627 0.168627 0.168627
0.160784 0.160784 0.160784
0.152941 0.152941 0.152941
0.145098 0.145098 0.145098
0.137255 0.137255 0.137255
0.129412 0.129412 0.129412
0.125490 0.125490 0.125490
0.117647 0.117647 0.117647
0.109804 0.109804 0.109804
0.101961 0.101961 0.101961
0.094118 0.094118 0.094118
0.086275 0.086275 0.086275
0.078431 0.078431 0.078431
0.074510 0.074510 0.074510
0.066667 0.066667 0.066667
0.058824 0.058824 0.058824
0.050980 0.050980 0.050980
0.043137 0.043137 0.043137
0.035294 0.035294 0.035294
0.027451 0.027451 0.027451
0.023529 0.023529 0.023529
0.015686 0.015686 0.015686
0.007843 0.007843 0.007843
0.000000 0.000000 0.000000
0.007843 0.000000 0.000000
0.015686 0.000000 0.000000
0.023529 0.000000 0.000000
0.031373 0.000000 0.000000
0.039216 0.000000 0.000000
0.047059 0.000000 0.000000
0.054902 0.000000 0.000000
0.062745 0.000000 0.000000
0.070588 0.000000 0.000000
0.078431 0.000000 0.000000
0.086275 0.000000 0.000000
0.094118 0.000000 0.000000
0.105882 0.000000 0.000000
0.113725 0.000000 0.000000
0.121569 0.000000 0.000000
0.129412 0.000000 0.000000
0.137255 0.000000 0.000000
0.145098 0.000000 0.000000
0.152941 0.000000 0.000000
0.160784 0.000000 0.000000
0.168627 0.000000 0.000000
0.176471 0.000000 0.000000
0.184314 0.000000 0.000000
0.192157 0.000000 0.000000
0.200000 0.000000 0.000000
0.207843 0.000000 0.000000
0.215686 0.000000 0.000000
0.223529 0.000000 0.000000
0.231373 0.000000 0.000000
0.239216 0.000000 0.000000
0.247059 0.000000 0.000000
0.254902 0.000000 0.000000
0.262745 0.000000 0.000000
0.270588 0.000000 0.000000
0.278431 0.000000 0.000000
0.286275 0.000000 0.000000
0.294118 0.000000 0.000000
0.305882 0.000000 0.000000
0.313725 0.000000 0.000000
0.321569 0.000000 0.000000
0.329412 0.000000 0.000000
0.337255 0.000000 0.000000
0.345098 0.000000 0.000000
0.352941 0.000000 0.000000
0.360784 0.000000 0.000000
0.368627 0.000000 0.000000
0.376471 0.000000 0.000000
0.384314 0.000000 0.000000
0.392157 0.000000 0.000000
0.400000 0.000000 0.000000
0.407843 0.000000 0.000000
0.415686 0.000000 0.000000
0.423529 0.000000 0.000000
0.431373 0.000000 0.000000
0.439216 0.000000 0.000000
0.447059 0.000000 0.000000
0.454902 0.000000 0.000000
0.462745 0.000000 0.000000
0.470588 0.000000 0.000000
0.478431 0.000000 0.000000
0.486274 0.000000 0.000000
0.494118 0.000000 0.000000
0.505882 0.000000 0.000000
0.513725 0.000000 0.000000
0.521569 0.000000 0.000000
0.529412 0.000000 0.000000
0.537255 0.000000 0.000000
0.545098 0.000000 0.000000
0.552941 0.000000 0.000000
0.560784 0.000000 0.000000
0.568627 0.000000 0.000000
0.576471 0.000000 0.000000
0.584314 0.000000 0.000000
0.592157 0.000000 0.000000
0.600000 0.000000 0.000000
0.607843 0.000000 0.000000
0.615686 0.000000 0.000000
0.623529 0.000000 0.000000
0.631373 0.000000 0.000000
0.639216 0.000000 0.000000
0.647059 0.000000 0.000000
0.654902 0.000000 0.000000
0.662745 0.000000 0.000000
0.670588 0.000000 0.000000
0.678431 0.000000 0.000000
0.686275 0.000000 0.000000
0.694118 0.000000 0.000000
0.705882 0.000000 0.000000
0.713726 0.000000 0.000000
0.721569 0.000000 0.000000
0.729412 0.000000 0.000000
0.737255 0.000000 0.000000
0.745098 0.000000 0.000000
0.752941 0.000000 0.000000
0.760784 0.000000 0.000000
0.768627 0.000000 0.000000
0.776471 0.000000 0.000000
0.784314 0.000000 0.000000
0.792157 0.000000 0.000000
0.800000 0.000000 0.000000
0.807843 0.000000 0.000000
0.815686 0.000000 0.000000
0.823529 0.000000 0.000000
0.831373 0.000000 0.000000
0.839216 0.000000 0.000000
0.847059 0.000000 0.000000
0.854902 0.000000 0.000000
0.862745 0.000000 0.000000
0.870588 0.000000 0.000000
0.878431 0.000000 0.000000
0.886274 0.000000 0.000000
0.894118 0.000000 0.000000
0.905882 0.000000 0.000000
0.913725 0.000000 0.000000
0.921569 0.000000 0.000000
0.929412 0.000000 0.000000
0.937255 0.000000 0.000000
0.945098 0.000000 0.000000
0.952941 0.000000 0.000000
0.960784 0.000000 0.000000
0.968627 0.000000 0.000000
0.976471 0.000000 0.000000
0.984314 0.000000 0.000000
0.992157 0.000000 0.000000
1.000000 0.000000 0.000000
1.000000 0.007843 0.000000
1.000000 0.015686 0.000000
1.000000 0.023529 0.000000
1.000000 0.027451 0.000000
1.000000 0.035294 0.000000
1.000000 0.043137 0.000000
1.000000 0.050980 0.000000
1.000000 0.058824 0.000000
1.000000 0.066667 0.000000
1.000000 0.070588 0.000000
1.000000 0.078431 0.000000
1.000000 0.086275 0.000000
1.000000 0.094118 0.000000
1.000000 0.101961 0.000000
1.000000 0.109804 0.000000
1.000000 0.117647 0.000000
1.000000 0.121569 0.000000
1.000000 0.129412 0.000000
1.000000 0.137255 0.000000
1.000000 0.145098 0.000000
1.000000 0.152941 0.000000
1.000000 0.160784 0.000000
1.000000 0.168627 0.000000
1.000000 0.172549 0.000000
1.000000 0.180392 0.000000
1.000000 0.188235 0.000000
1.000000 0.196078 0.000000
1.000000 0.203922 0.000000
1.000000 0.211765 0.000000
1.000000 0.215686 0.000000
1.000000 0.223529 0.000000
1.000000 0.231373 0.000000
1.000000 0.239216 0.000000
1.000000 0.247059 0.000000
1.000000 0.254902 0.000000
1.000000 0.262745 0.000000
1.000000 0.266667 0.000000
1.000000 0.274510 0.000000
1.000000 0.282353 0.000000
1.000000 0.290196 0.000000
1.000000 0.298039 0.000000
1.000000 0.305882 0.000000
1.000000 0.309804 0.000000
1.000000 0.317647 0.000000
1.000000 0.325490 0.000000
1.000000 0.333333 0.000000
1.000000 0.341176 0.000000
1.000000 0.349020 0.000000
1.000000 0.356863 0.000000
1.000000 0.360784 0.000000
1.000000 0.368627 0.000000
1.000000 0.376471 0.000000
1.000000 0.384314 0.000000
1.000000 0.392157 0.000000
1.000000 0.400000 0.000000
1.000000 0.403922 0.000000
1.000000 0.411765 0.000000
1.000000 0.419608 0.000000
1.000000 0.427451 0.000000
1.000000 0.435294 0.000000
1.000000 0.443137 0.000000
1.000000 0.450980 0.000000
1.000000 0.454902 0.000000
1.000000 0.462745 0.000000
1.000000 0.470588 0.000000
1.000000 0.478431 0.000000
1.000000 0.486274 0.000000
1.000000 0.494118 0.000000
1.000000 0.501961 0.000000
1.000000 0.505882 0.000000
1.000000 0.513725 0.000000
1.000000 0.521569 0.000000
1.000000 0.529412 0.000000
1.000000 0.537255 0.000000
1.000000 0.545098 0.000000
1.000000 0.549020 0.000000
1.000000 0.556863 0.000000
1.000000 0.564706 0.000000
1.000000 0.572549 0.000000
1.000000 0.580392 0.000000
1.000000 0.588235 0.000000
1.000000 0.596078 0.000000
1.000000 0.600000 0.000000
1.000000 0.607843 0.000000
1.000000 0.615686 0.000000
1.000000 0.623529 0.000000
1.000000 0.631373 0.000000
1.000000 0.639216 0.000000
1.000000 0.643137 0.000000
1.000000 0.650980 0.000000
1.000000 0.658824 0.000000
1.000000 0.666667 0.000000
1.000000 0.674510 0.000000
1.000000 0.682353 0.000000
1.000000 0.690196 0.000000
1.000000 0.694118 0.000000
1.000000 0.701961 0.000000
1.000000 0.709804 0.000000
1.000000 0.717647 0.000000
1.000000 0.725490 0.000000
1.000000 0.733333 0.000000
1.000000 0.737255 0.000000
1.000000 0.745098 0.000000
1.000000 0.752941 0.000000
1.000000 0.760784 0.000000
1.000000 0.768627 0.000000
1.000000 0.776471 0.000000
1.000000 0.784314 0.000000
1.000000 0.788235 0.000000
1.000000 0.796078 0.000000
1.000000 0.803922 0.000000
1.000000 0.811765 0.000000
1.000000 0.819608 0.000000
1.000000 0.827451 0.000000
1.000000 0.835294 0.000000
1.000000 0.839216 0.000000
1.000000 0.847059 0.000000
1.000000 0.854902 0.000000
1.000000 0.862745 0.000000
1.000000 0.870588 0.000000
1.000000 0.878431 0.000000
1.000000 0.882353 0.000000
1.000000 0.890196 0.000000
1.000000 0.898039 0.000000
1.000000 0.905882 0.000000
1.000000 0.913725 0.000000
1.000000 0.921569 0.000000
1.000000 0.929412 0.000000
1.000000 0.933333 0.000000
1.000000 0.941176 0.000000
1.000000 0.949020 0.000000
1.000000 0.956863 0.000000
1.000000 0.964706 0.000000
1.000000 0.972549 0.000000
1.000000 0.976471 0.000000
1.000000 0.984314 0.000000
1.000000 0.992157 0.000000
1.000000 1.000000 0.000000
0.988235 1.000000 0.000000
0.980392 1.000000 0.000000
0.968627 1.000000 0.000000
0.960784 1.000000 0.000000
0.949020 1.000000 0.000000
0.941176 1.000000 0.000000
0.929412 1.000000 0.000000
0.917647 1.000000 0.000000
0.909804 1.000000 0.000000
0.898039 1.000000 0.000000
0.890196 1.000000 0.000000
0.878431 1.000000 0.000000
0.870588 1.000000 0.000000
0.858824 1.000000 0.000000
0.847059 1.000000 0.000000
0.839216 1.000000 0.000000
0.827451 1.000000 0.000000
0.819608 1.000000 0.000000
0.807843 1.000000 0.000000
0.796078 1.000000 0.000000
0.788235 1.000000 0.000000
0.776471 1.000000 0.000000
0.768627 1.000000 0.000000
0.756863 1.000000 0.000000
0.749020 1.000000 0.000000
0.737255 1.000000 0.000000
0.725490 1.000000 0.000000
0.717647 1.000000 0.000000
0.705882 1.000000 0.000000
0.698039 1.000000 0.000000
0.686275 1.000000 0.000000
0.678431 1.000000 0.000000
0.666667 1.000000 0.000000
0.654902 1.000000 0.000000
0.647059 1.000000 0.000000
0.635294 1.000000 0.000000
0.627451 1.000000 0.000000
0.615686 1.000000 0.000000
0.607843 1.000000 0.000000
0.596078 1.000000 0.000000
0.584314 1.000000 0.000000
0.576471 1.000000 0.000000
0.564706 1.000000 0.000000
0.556863 1.000000 0.000000
0.545098 1.000000 0.000000
0.537255 1.000000 0.000000
0.525490 1.000000 0.000000
0.513725 1.000000 0.000000
0.505882 1.000000 0.000000
0.494118 1.000000 0.000000
0.486274 1.000000 0.000000
0.474510 1.000000 0.000000
0.462745 1.000000 0.000000
0.454902 1.000000 0.000000
0.443137 1.000000 0.000000
0.435294 1.000000 0.000000
0.423529 1.000000 0.000000
0.415686 1.000000 0.000000
0.403922 1.000000 0.000000
0.392157 1.000000 0.000000
0.384314 1.000000 0.000000
0.372549 1.000000 0.000000
0.364706 1.000000 0.000000
0.352941 1.000000 0.000000
0.345098 1.000000 0.000000
0.333333 1.000000 0.000000
0.321569 1.000000 0.000000
0.313725 1.000000 0.000000
0.301961 1.000000 0.000000
0.294118 1.000000 0.000000
0.282353 1.000000 0.000000
0.274510 1.000000 0.000000
0.262745 1.000000 0.000000
0.250980 1.000000 0.000000
0.243137 1.000000 0.000000
0.231373 1.000000 0.000000
0.223529 1.000000 0.000000
0.211765 1.000000 0.000000
0.203922 1.000000 0.000000
0.192157 1.000000 0.000000
0.180392 1.000000 0.000000
0.172549 1.000000 0.000000
0.160784 1.000000 0.000000
0.152941 1.000000 0.000000
0.141176 1.000000 0.000000
0.129412 1.000000 0.000000
0.121569 1.000000 0.000000
0.109804 1.000000 0.000000
0.101961 1.000000 0.000000
0.090196 1.000000 0.000000
0.082353 1.000000 0.000000
0.070588 1.000000 0.000000
0.058824 1.000000 0.000000
0.050980 1.000000 0.000000
0.039216 1.000000 0.000000
0.031373 1.000000 0.000000
0.019608 1.000000 0.000000
0.011765 1.000000 0.000000
0.000000 1.000000 0.000000
0.000000 0.996078 0.003922
0.000000 0.988235 0.003922
0.000000 0.984314 0.007843
0.000000 0.980392 0.007843
0.000000 0.976471 0.011765
0.000000 0.968627 0.011765
0.000000 0.964706 0.015686
0.000000 0.960784 0.019608
0.000000 0.956863 0.019608
0.000000 0.949020 0.023529
0.000000 0.945098 0.023529
0.000000 0.941176 0.027451
0.000000 0.933333 0.027451
0.000000 0.929412 0.031373
0.000000 0.925490 0.035294
0.000000 0.921569 0.035294
0.000000 0.913725 0.039216
0.000000 0.909804 0.039216
0.000000 0.905882 0.043137
0.000000 0.901961 0.047059
0.000000 0.894118 0.047059
0.000000 0.890196 0.050980
0.000000 0.886274 0.050980
0.000000 0.878431 0.054902
0.000000 0.874510 0.054902
0.000000 0.870588 0.058824
0.000000 0.866667 0.062745
0.000000 0.858824 0.062745
0.000000 0.854902 0.066667
0.000000 0.850980 0.066667
0.000000 0.843137 0.070588
0.000000 0.839216 0.070588
0.000000 0.835294 0.074510
0.000000 0.831373 0.078431
0.000000 0.823529 0.078431
0.000000 0.819608 0.082353
0.000000 0.815686 0.082353
0.000000 0.811765 0.086275
0.000000 0.803922 0.086275
0.000000 0.800000 0.090196
0.000000 0.796078 0.094118
0.000000 0.788235 0.094118
0.000000 0.784314 0.098039
0.000000 0.780392 0.098039
0.000000 0.776471 0.101961
0.000000 0.768627 0.101961
0.000000 0.764706 0.105882
0.000000 0.760784 0.109804
0.000000 0.756863 0.109804
0.000000 0.749020 0.113725
0.000000 0.745098 0.113725
0.000000 0.741177 0.117647
0.000000 0.733333 0.117647
0.000000 0.729412 0.121569
0.000000 0.725490 0.125490
0.000000 0.721569 0.125490
0.000000 0.713726 0.129412
0.000000 0.709804 0.129412
0.000000 0.705882 0.133333
0.000000 0.701961 0.137255
0.000000 0.694118 0.137255
0.000000 0.690196 0.141176
0.000000 0.686275 0.141176
0.000000 0.678431 0.145098
0.000000 0.674510 0.145098
0.000000 0.670588 0.149020
0.000000 0.666667 0.152941
0.000000 0.658824 0.152941
0.000000 0.654902 0.156863
0.000000 0.650980 0.156863
0.000000 0.643137 0.160784
0.000000 0.639216 0.160784
0.000000 0.635294 0.164706
0.000000 0.631373 0.168627
0.000000 0.623529 0.168627
0.000000 0.619608 0.172549
0.000000 0.615686 0.172549
0.000000 0.611765 0.176471
0.000000 0.603922 0.176471
0.000000 0.600000 0.180392
0.000000 0.596078 0.184314
0.000000 0.588235 0.184314
0.000000 0.584314 0.188235
0.000000 0.580392 0.188235
0.000000 0.576471 0.192157
0.000000 0.568627 0.192157
0.000000 0.564706 0.196078
0.000000 0.560784 0.200000
0.000000 0.556863 0.200000
0.000000 0.549020 0.203922
0.000000 0.545098 0.203922
0.000000 0.541176 0.207843
0.000000 0.533333 0.207843
0.000000 0.529412 0.211765
0.000000 0.525490 0.215686
0.000000 0.521569 0.215686
0.000000 0.513725 0.219608
0.000000 0.509804 0.219608
0.000000 0.505882 0.223529
0.000000 0.501961 0.227451
0.000000 0.494118 0.227451
0.000000 0.490196 0.231373
0.000000 0.486274 0.231373
0.000000 0.478431 0.235294
0.000000 0.474510 0.235294
0.000000 0.470588 0.239216
0.000000 0.466667 0.243137
0.000000 0.458824 0.243137
0.000000 0.454902 0.247059
0.000000 0.450980 0.247059
0.000000 0.443137 0.250980
0.000000 0.439216 0.250980
0.000000 0.435294 0.254902
0.000000 0.431373 0.258824
0.000000 0.423529 0.258824
0.000000 0.419608 0.262745
0.000000 0.415686 0.262745
0.000000 0.411765 0.266667
0.000000 0.403922 0.266667
0.000000 0.400000 0.270588
0.000000 0.396078 0.274510
0.000000 0.388235 0.274510
0.000000 0.384314 0.278431
0.000000 0.380392 0.278431
0.000000 0.376471 0.282353
0.000000 0.368627 0.282353
0.000000 0.364706 0.286275
0.000000 0.360784 0.290196
0.000000 0.356863 0.290196
0.000000 0.349020 0.294118
0.000000 0.345098 0.294118
0.000000 0.341176 0.298039
0.000000 0.333333 0.298039
0.000000 0.329412 0.301961
0.000000 0.325490 0.305882
0.000000 0.321569 0.305882
0.000000 0.313725 0.309804
0.000000 0.309804 0.309804
0.000000 0.305882 0.313725
0.000000 0.301961 0.317647
0.000000 0.294118 0.317647
0.000000 0.290196 0.321569
0.000000 0.286275 0.321569
0.000000 0.278431 0.325490
0.000000 0.274510 0.325490
0.000000 0.270588 0.329412
0.000000 0.266667 0.333333
0.000000 0.258824 0.333333
0.000000 0.254902 0.337255
0.000000 0.250980 0.337255
0.000000 0.243137 0.341176
0.000000 0.239216 0.341176
0.000000 0.235294 0.345098
0.000000 0.231373 0.349020
0.000000 0.223529 0.349020
0.000000 0.219608 0.352941
0.000000 0.215686 0.352941
0.000000 0.211765 0.356863
0.000000 0.203922 0.356863
0.000000 0.200000 0.360784
0.000000 0.196078 0.364706
0.000000 0.188235 0.364706
0.000000 0.184314 0.368627
0.000000 0.180392 0.368627
0.000000 0.176471 0.372549
0.000000 0.168627 0.372549
0.000000 0.164706 0.376471
0.000000 0.160784 0.380392
0.000000 0.156863 0.380392
0.000000 0.149020 0.384314
0.000000 0.145098 0.384314
0.000000 0.141176 0.388235
0.000000 0.133333 0.388235
0.000000 0.129412 0.392157
0.000000 0.125490 0.396078
0.000000 0.121569 0.396078
0.000000 0.113725 0.400000
0.000000 0.109804 0.400000
0.000000 0.105882 0.403922
0.000000 0.101961 0.407843
0.000000 0.094118 0.407843
0.000000 0.090196 0.411765
0.000000 0.086275 0.411765
0.000000 0.078431 0.415686
0.000000 0.074510 0.415686
0.000000 0.070588 0.419608
0.000000 0.066667 0.423529
0.000000 0.058824 0.423529
0.000000 0.054902 0.427451
0.000000 0.050980 0.427451
0.000000 0.043137 0.431373
0.000000 0.039216 0.431373
0.000000 0.035294 0.435294
0.000000 0.031373 0.439216
0.000000 0.023529 0.439216
0.000000 0.019608 0.443137
0.000000 0.015686 0.443137
0.000000 0.011765 0.447059
0.000000 0.003922 0.447059
0.000000 0.000000 0.450980
0.000000 0.007843 0.454902
0.000000 0.015686 0.458824
0.000000 0.023529 0.462745
0.000000 0.027451 0.466667
0.000000 0.035294 0.470588
0.000000 0.043137 0.474510
0.000000 0.050980 0.478431
0.000000 0.058824 0.482353
0.000000 0.066667 0.486274
0.000000 0.074510 0.490196
0.000000 0.078431 0.494118
0.000000 0.086275 0.498039
0.000000 0.094118 0.501961
0.000000 0.101961 0.505882
0.000000 0.109804 0.509804
0.000000 0.117647 0.513725
0.000000 0.125490 0.517647
0.000000 0.133333 0.521569
0.000000 0.137255 0.525490
0.000000 0.145098 0.529412
0.000000 0.152941 0.533333
0.000000 0.160784 0.537255
0.000000 0.168627 0.545098
0.000000 0.176471 0.549020
0.000000 0.184314 0.552941
0.000000 0.188235 0.556863
0.000000 0.196078 0.560784
0.000000 0.203922 0.564706
0.000000 0.211765 0.568627
0.000000 0.219608 0.572549
0.000000 0.227451 0.576471
0.000000 0.235294 0.580392
0.000000 0.239216 0.584314
0.000000 0.247059 0.588235
0.000000 0.254902 0.592157
0.000000 0.262745 0.596078
0.000000 0.270588 0.600000
0.000000 0.278431 0.603922
0.000000 0.286275 0.607843
0.000000 0.290196 0.611765
0.000000 0.298039 0.615686
0.000000 0.305882 0.619608
0.000000 0.313725 0.623529
0.000000 0.321569 0.627451
0.000000 0.329412 0.631373
0.000000 0.337255 0.635294
0.000000 0.341176 0.639216
0.000000 0.349020 0.643137
0.000000 0.356863 0.647059
0.000000 0.364706 0.650980
0.000000 0.372549 0.654902
0.000000 0.380392 0.658824
0.000000 0.388235 0.662745
0.000000 0.396078 0.666667
0.000000 0.400000 0.670588
0.000000 0.407843 0.674510
0.000000 0.415686 0.678431
0.000000 0.423529 0.682353
0.000000 0.431373 0.686275
0.000000 0.439216 0.690196
0.000000 0.447059 0.694118
0.000000 0.450980 0.698039
0.000000 0.458824 0.701961
0.000000 0.466667 0.705882
0.000000 0.474510 0.709804
0.000000 0.482353 0.713726
0.000000 0.490196 0.717647
0.000000 0.498039 0.721569
0.000000 0.501961 0.729412
0.000000 0.509804 0.733333
0.000000 0.517647 0.737255
0.000000 0.525490 0.741177
0.000000 0.533333 0.745098
0.000000 0.541176 0.749020
0.000000 0.549020 0.752941
0.000000 0.552941 0.756863
0.000000 0.560784 0.760784
0.000000 0.568627 0.764706
0.000000 0.576471 0.768627
0.000000 0.584314 0.772549
0.000000 0.592157 0.776471
0.000000 0.600000 0.780392
0.000000 0.603922 0.784314
0.000000 0.611765 0.788235
0.000000 0.619608 0.792157
0.000000 0.627451 0.796078
0.000000 0.635294 0.800000
0.000000 0.643137 0.803922
0.000000 0.650980 0.807843
0.000000 0.658824 0.811765
0.000000 0.662745 0.815686
0.000000 0.670588 0.819608
0.000000 0.678431 0.823529
0.000000 0.686275 0.827451
0.000000 0.694118 0.831373
0.000000 0.701961 0.835294
0.000000 0.709804 0.839216
0.000000 0.713726 0.843137
0.000000 0.721569 0.847059
0.000000 0.729412 0.850980
0.000000 0.737255 0.854902
0.000000 0.745098 0.858824
0.000000 0.752941 0.862745
0.000000 0.760784 0.866667
0.000000 0.764706 0.870588
0.000000 0.772549 0.874510
0.000000 0.780392 0.878431
0.000000 0.788235 0.882353
0.000000 0.796078 0.886274
0.000000 0.803922 0.890196
0.000000 0.811765 0.894118
0.000000 0.815686 0.898039
0.000000 0.823529 0.901961
0.000000 0.831373 0.905882
0.000000 0.839216 0.913725
0.000000 0.847059 0.917647
0.000000 0.854902 0.921569
0.000000 0.862745 0.925490
0.000000 0.866667 0.929412
0.000000 0.874510 0.933333
0.000000 0.882353 0.937255
0.000000 0.890196 0.941176
0.000000 0.898039 0.945098
0.000000 0.905882 0.949020
0.000000 0.913725 0.952941
0.000000 0.921569 0.956863
0.000000 0.925490 0.960784
0.000000 0.933333 0.964706
0.000000 0.941176 0.968627
0.000000 0.949020 0.972549
0.000000 0.956863 0.976471
0.000000 0.964706 0.980392
0.000000 0.972549 0.984314
0.000000 0.976471 0.988235
0.000000 0.984314 0.992157
0.000000 0.992157 0.996078
0.000000 1.000000 1.000000
0.756863 0.756863 0.756863
0.756863 0.756863 0.756863
0.752941 0.752941 0.752941
0.752941 0.752941 0.752941
0.752941 0.752941 0.752941
0.752941 0.752941 0.752941
0.752941 0.752941 0.752941
0.749020 0.749020 0.749020
0.749020 0.749020 0.749020
0.749020 0.749020 0.749020
0.749020 0.749020 0.749020
0.749020 0.749020 0.749020
0.745098 0.745098 0.745098
0.745098 0.745098 0.745098
0.745098 0.745098 0.745098
0.745098 0.745098 0.745098
0.745098 0.745098 0.745098
0.741177 0.741177 0.741177
0.741177 0.741177 0.741177
0.741177 0.741177 0.741177
0.741177 0.741177 0.741177
0.741177 0.741177 0.741177
0.741177 0.741177 0.741177
0.737255 0.737255 0.737255
0.737255 0.737255 0.737255
0.737255 0.737255 0.737255
0.737255 0.737255 0.737255
0.737255 0.737255 0.737255
0.733333 0.733333 0.733333
0.733333 0.733333 0.733333
0.733333 0.733333 0.733333
0.733333 0.733333 0.733333
0.733333 0.733333 0.733333
0.729412 0.729412 0.729412
0.729412 0.729412 0.729412
0.729412 0.729412 0.729412
0.729412 0.729412 0.729412
0.729412 0.729412 0.729412
0.725490 0.725490 0.725490
0.725490 0.725490 0.725490
0.725490 0.725490 0.725490
0.725490 0.725490 0.725490
0.725490 0.725490 0.725490
0.721569 0.721569 0.721569
0.721569 0.721569 0.721569
0.721569 0.721569 0.721569
0.721569 0.721569 0.721569
0.721569 0.721569 0.721569
0.717647 0.717647 0.717647
0.717647 0.717647 0.717647
0.717647 0.717647 0.717647
0.717647 0.717647 0.717647
0.717647 0.717647 0.717647
0.713726 0.713726 0.713726
0.713726 0.713726 0.713726
0.713726 0.713726 0.713726
0.713726 0.713726 0.713726
0.713726 0.713726 0.713726
0.709804 0.709804 0.709804
0.709804 0.709804 0.709804
0.709804 0.709804 0.709804
0.709804 0.709804 0.709804
0.709804 0.709804 0.709804
0.705882 0.705882 0.705882
0.705882 0.705882 0.705882
0.705882 0.705882 0.705882
0.705882 0.705882 0.705882
0.705882 0.705882 0.705882
0.705882 0.705882 0.705882
0.701961 0.701961 0.701961
0.701961 0.701961 0.701961
0.701961 0.701961 0.701961
0.701961 0.701961 0.701961
0.701961 0.701961 0.701961
0.698039 0.698039 0.698039
0.698039 0.698039 0.698039
0.698039 0.698039 0.698039
0.698039 0.698039 0.698039
0.698039 0.698039 0.698039
0.694118 0.694118 0.694118
0.694118 0.694118 0.694118
0.694118 0.694118 0.694118
0.694118 0.694118 0.694118
0.694118 0.694118 0.694118
0.690196 0.690196 0.690196
0.690196 0.690196 0.690196
0.690196 0.690196 0.690196
0.690196 0.690196 0.690196
0.690196 0.690196 0.690196
0.686275 0.686275 0.686275
0.686275 0.686275 0.686275
0.686275 0.686275 0.686275
0.686275 0.686275 0.686275
0.686275 0.686275 0.686275
0.682353 0.682353 0.682353
0.682353 0.682353 0.682353
0.682353 0.682353 0.682353
0.682353 0.682353 0.682353
0.682353 0.682353 0.682353
0.678431 0.678431 0.678431
0.678431 0.678431 0.678431
0.678431 0.678431 0.678431
0.678431 0.678431 0.678431
0.678431 0.678431 0.678431
0.674510 0.674510 0.674510
0.674510 0.674510 0.674510
0.674510 0.674510 0.674510
0.674510 0.674510 0.674510
0.674510 0.674510 0.674510
0.670588 0.670588 0.670588
0.670588 0.670588 0.670588
0.670588 0.670588 0.670588
0.670588 0.670588 0.670588
0.670588 0.670588 0.670588
0.670588 0.670588 0.670588
0.666667 0.666667 0.666667
0.666667 0.666667 0.666667
0.666667 0.666667 0.666667
0.666667 0.666667 0.666667
0.666667 0.666667 0.666667
0.662745 0.662745 0.662745
0.662745 0.662745 0.662745
0.662745 0.662745 0.662745
0.662745 0.662745 0.662745
0.662745 0.662745 0.662745
0.658824 0.658824 0.658824
0.658824 0.658824 0.658824
0.658824 0.658824 0.658824
0.658824 0.658824 0.658824
0.658824 0.658824 0.658824
0.654902 0.654902 0.654902
0.654902 0.654902 0.654902
0.654902 0.654902 0.654902
0.654902 0.654902 0.654902
0.654902 0.654902 0.654902
0.650980 0.650980 0.650980
0.650980 0.650980 0.650980
0.650980 0.650980 0.650980
0.650980 0.650980 0.650980
0.650980 0.650980 0.650980
0.647059 0.647059 0.647059
0.647059 0.647059 0.647059
0.647059 0.647059 0.647059
0.647059 0.647059 0.647059
0.647059 0.647059 0.647059
0.643137 0.643137 0.643137
0.643137 0.643137 0.643137
0.643137 0.643137 0.643137
0.643137 0.643137 0.643137
0.643137 0.643137 0.643137
0.639216 0.639216 0.639216
0.639216 0.639216 0.639216
0.639216 0.639216 0.639216
0.639216 0.639216 0.639216
0.639216 0.639216 0.639216
0.635294 0.635294 0.635294
0.635294 0.635294 0.635294
0.635294 0.635294 0.635294
0.635294 0.635294 0.635294
0.635294 0.635294 0.635294
0.635294 0.635294 0.635294
0.631373 0.631373 0.631373
0.631373 0.631373 0.631373
0.631373 0.631373 0.631373
0.631373 0.631373 0.631373
0.631373 0.631373 0.631373
0.627451 0.627451 0.627451
0.627451 0.627451 0.627451
0.627451 0.627451 0.627451
0.627451 0.627451 0.627451
0.627451 0.627451 0.627451
0.623529 0.623529 0.623529
0.623529 0.623529 0.623529
0.623529 0.623529 0.623529
0.623529 0.623529 0.623529
0.623529 0.623529 0.623529
0.619608 0.619608 0.619608
0.619608 0.619608 0.619608
0.619608 0.619608 0.619608
0.619608 0.619608 0.619608
0.619608 0.619608 0.619608
0.615686 0.615686 0.615686
0.615686 0.615686 0.615686
0.615686 0.615686 0.615686
0.615686 0.615686 0.615686
0.615686 0.615686 0.615686
0.611765 0.611765 0.611765
0.611765 0.611765 0.611765
0.611765 0.611765 0.611765
0.611765 0.611765 0.611765
0.611765 0.611765 0.611765
0.607843 0.607843 0.607843
0.607843 0.607843 0.607843
0.607843 0.607843 0.607843
0.607843 0.607843 0.607843
0.607843 0.607843 0.607843
0.603922 0.603922 0.603922
0.603922 0.603922 0.603922
0.603922 0.603922 0.603922
0.603922 0.603922 0.603922
0.603922 0.603922 0.603922
0.603922 0.603922 0.603922
0.600000 0.600000 0.600000
0.600000 0.600000 0.600000
0.600000 0.600000 0.600000
0.600000 0.600000 0.600000
0.600000 0.600000 0.600000
0.596078 0.596078 0.596078
0.596078 0.596078 0.596078
0.596078 0.596078 0.596078
0.596078 0.596078 0.596078
0.596078 0.596078 0.596078
0.592157 0.592157 0.592157
0.592157 0.592157 0.592157
0.592157 0.592157 0.592157
0.592157 0.592157 0.592157
0.592157 0.592157 0.592157
0.588235 0.588235 0.588235
0.588235 0.588235 0.588235
0.588235 0.588235 0.588235
0.588235 0.588235 0.588235
0.588235 0.588235 0.588235
0.584314 0.584314 0.584314
0.584314 0.584314 0.584314
0.584314 0.584314 0.584314
0.584314 0.584314 0.584314
0.584314 0.584314 0.584314
0.580392 0.580392 0.580392
0.580392 0.580392 0.580392
0.580392 0.580392 0.580392
0.580392 0.580392 0.580392
0.580392 0.580392 0.580392
0.576471 0.576471 0.576471
0.576471 0.576471 0.576471
0.576471 0.576471 0.576471
0.576471 0.576471 0.576471
0.576471 0.576471 0.576471
0.572549 0.572549 0.572549
0.572549 0.572549 0.572549
0.572549 0.572549 0.572549
0.572549 0.572549 0.572549
0.572549 0.572549 0.572549
0.568627 0.568627 0.568627
0.568627 0.568627 0.568627
0.568627 0.568627 0.568627
0.568627 0.568627 0.568627
0.568627 0.568627 0.568627
0.568627 0.568627 0.568627
0.564706 0.564706 0.564706
0.564706 0.564706 0.564706
0.564706 0.564706 0.564706
0.564706 0.564706 0.564706
0.564706 0.564706 0.564706
0.560784 0.560784 0.560784
0.560784 0.560784 0.560784
0.560784 0.560784 0.560784
0.560784 0.560784 0.560784
0.560784 0.560784 0.560784
0.556863 0.556863 0.556863
0.556863 0.556863 0.556863
0.556863 0.556863 0.556863
0.556863 0.556863 0.556863
0.556863 0.556863 0.556863
0.552941 0.552941 0.552941
0.552941 0.552941 0.552941
0.552941 0.552941 0.552941
0.552941 0.552941 0.552941
0.552941 0.552941 0.552941
0.549020 0.549020 0.549020
0.549020 0.549020 0.549020
0.549020 0.549020 0.549020
0.549020 0.549020 0.549020
0.549020 0.549020 0.549020
0.545098 0.545098 0.545098
0.545098 0.545098 0.545098
0.545098 0.545098 0.545098
0.545098 0.545098 0.545098
0.545098 0.545098 0.545098
0.541176 0.541176 0.541176
0.541176 0.541176 0.541176
0.541176 0.541176 0.541176
0.541176 0.541176 0.541176
0.541176 0.541176 0.541176
0.537255 0.537255 0.537255
0.537255 0.537255 0.537255
0.537255 0.537255 0.537255
0.537255 0.537255 0.537255
0.537255 0.537255 0.537255
0.533333 0.533333 0.533333
0.533333 0.533333 0.533333
0.533333 0.533333 0.533333
0.533333 0.533333 0.533333
0.533333 0.533333 0.533333
0.533333 0.533333 0.533333
0.529412 0.529412 0.529412
0.529412 0.529412 0.529412
0.529412 0.529412 0.529412
0.529412 0.529412 0.529412
0.529412 0.529412 0.529412
0.525490 0.525490 0.525490
0.525490 0.525490 0.525490
0.525490 0.525490 0.525490
0.525490 0.525490 0.525490
0.525490 0.525490 0.525490
0.521569 0.521569 0.521569
0.521569 0.521569 0.521569
0.521569 0.521569 0.521569
0.521569 0.521569 0.521569
0.521569 0.521569 0.521569
0.517647 0.517647 0.517647
0.517647 0.517647 0.517647
0.517647 0.517647 0.517647
0.517647 0.517647 0.517647
0.517647 0.517647 0.517647
0.513725 0.513725 0.513725
0.513725 0.513725 0.513725
0.513725 0.513725 0.513725
0.513725 0.513725 0.513725
0.513725 0.513725 0.513725
0.509804 0.509804 0.509804
0.509804 0.509804 0.509804
0.509804 0.509804 0.509804
0.509804 0.509804 0.509804
0.509804 0.509804 0.509804
0.505882 0.505882 0.505882
0.505882 0.505882 0.505882
0.505882 0.505882 0.505882
0.505882 0.505882 0.505882
0.505882 0.505882 0.505882
0.501961 0.501961 0.501961
0.501961 0.501961 0.501961
0.501961 0.501961 0.501961
0.501961 0.501961 0.501961
0.501961 0.501961 0.501961
0.498039 0.498039 0.498039
0.498039 0.498039 0.498039
0.498039 0.498039 0.498039
0.498039 0.498039 0.498039
0.498039 0.498039 0.498039
0.498039 0.498039 0.498039
0.494118 0.494118 0.494118
0.494118 0.494118 0.494118
0.494118 0.494118 0.494118
0.494118 0.494118 0.494118
0.494118 0.494118 0.494118
0.490196 0.490196 0.490196
0.490196 0.490196 0.490196
0.490196 0.490196 0.490196
0.490196 0.490196 0.490196
0.490196 0.490196 0.490196
0.486274 0.486274 0.486274
0.486274 0.486274 0.486274
0.486274 0.486274 0.486274
0.486274 0.486274 0.486274
0.486274 0.486274 0.486274
0.482353 0.482353 0.482353
0.482353 0.482353 0.482353
0.482353 0.482353 0.482353
0.482353 0.482353 0.482353
0.482353 0.482353 0.482353
0.478431 0.478431 0.478431
0.478431 0.478431 0.478431
0.478431 0.478431 0.478431
0.478431 0.478431 0.478431
0.478431 0.478431 0.478431
0.474510 0.474510 0.474510
0.474510 0.474510 0.474510
0.474510 0.474510 0.474510
0.474510 0.474510 0.474510
0.474510 0.474510 0.474510
0.470588 0.470588 0.470588
0.470588 0.470588 0.470588
0.470588 0.470588 0.470588
0.470588 0.470588 0.470588
0.470588 0.470588 0.470588
0.466667 0.466667 0.466667
0.466667 0.466667 0.466667
0.466667 0.466667 0.466667
0.466667 0.466667 0.466667
0.466667 0.466667 0.466667
0.462745 0.462745 0.462745
0.462745 0.462745 0.462745
0.462745 0.462745 0.462745
0.462745 0.462745 0.462745
0.462745 0.462745 0.462745
0.462745 0.462745 0.462745
0.458824 0.458824 0.458824
0.458824 0.458824 0.458824
0.458824 0.458824 0.458824
0.458824 0.458824 0.458824
0.458824 0.458824 0.458824
0.454902 0.454902 0.454902
0.454902 0.454902 0.454902
0.454902 0.454902 0.454902
0.454902 0.454902 0.454902
0.454902 0.454902 0.454902
0.450980 0.450980 0.450980
0.450980 0.450980 0.450980
0.450980 0.450980 0.450980
0.450980 0.450980 0.450980
0.450980 0.450980 0.450980
0.447059 0.447059 0.447059
0.447059 0.447059 0.447059
0.447059 0.447059 0.447059
0.447059 0.447059 0.447059
0.447059 0.447059 0.447059
0.443137 0.443137 0.443137
0.443137 0.443137 0.443137
0.443137 0.443137 0.443137
0.443137 0.443137 0.443137
0.443137 0.443137 0.443137
0.439216 0.439216 0.439216
0.439216 0.439216 0.439216
0.439216 0.439216 0.439216
0.439216 0.439216 0.439216
0.439216 0.439216 0.439216
0.435294 0.435294 0.435294
0.435294 0.435294 0.435294
0.435294 0.435294 0.435294
0.435294 0.435294 0.435294
0.435294 0.435294 0.435294
0.431373 0.431373 0.431373
0.431373 0.431373 0.431373
0.431373 0.431373 0.431373
0.431373 0.431373 0.431373
0.431373 0.431373 0.431373
0.431373 0.431373 0.431373
0.427451 0.427451 0.427451
0.427451 0.427451 0.427451
0.427451 0.427451 0.427451
0.427451 0.427451 0.427451
0.427451 0.427451 0.427451
0.423529 0.423529 0.423529
0.423529 0.423529 0.423529
0.423529 0.423529 0.423529
0.423529 0.423529 0.423529
0.423529 0.423529 0.423529
0.419608 0.419608 0.419608
0.419608 0.419608 0.419608
0.419608 0.419608 0.419608
0.419608 0.419608 0.419608
0.419608 0.419608 0.419608
0.415686 0.415686 0.415686
0.415686 0.415686 0.415686
0.415686 0.415686 0.415686
0.415686 0.415686 0.415686
0.415686 0.415686 0.415686
0.411765 0.411765 0.411765
0.411765 0.411765 0.411765
0.411765 0.411765 0.411765
0.411765 0.411765 0.411765
0.411765 0.411765 0.411765
0.407843 0.407843 0.407843
0.407843 0.407843 0.407843
0.407843 0.407843 0.407843
0.407843 0.407843 0.407843
0.407843 0.407843 0.407843
0.403922 0.403922 0.403922
0.403922 0.403922 0.403922
0.403922 0.403922 0.403922
0.403922 0.403922 0.403922
0.403922 0.403922 0.403922
0.400000 0.400000 0.400000
0.400000 0.400000 0.400000
0.400000 0.400000 0.400000
0.400000 0.400000 0.400000
0.400000 0.400000 0.400000
0.396078 0.396078 0.396078
0.396078 0.396078 0.396078
0.396078 0.396078 0.396078
0.396078 0.396078 0.396078
0.396078 0.396078 0.396078
0.396078 0.396078 0.396078
0.392157 0.392157 0.392157
0.392157 0.392157 0.392157
0.392157 0.392157 0.392157
0.392157 0.392157 0.392157
0.392157 0.392157 0.392157
0.388235 0.388235 0.388235
0.388235 0.388235 0.388235
0.388235 0.388235 0.388235
0.388235 0.388235 0.388235
0.388235 0.388235 0.388235
0.384314 0.384314 0.384314
0.384314 0.384314 0.384314
0.384314 0.384314 0.384314
0.384314 0.384314 0.384314
0.384314 0.384314 0.384314
0.380392 0.380392 0.380392
0.380392 0.380392 0.380392
0.380392 0.380392 0.380392
0.380392 0.380392 0.380392
0.380392 0.380392 0.380392
0.376471 0.376471 0.376471
0.376471 0.376471 0.376471
0.376471 0.376471 0.376471
0.376471 0.376471 0.376471
0.376471 0.376471 0.376471
0.372549 0.372549 0.372549
0.372549 0.372549 0.372549
0.372549 0.372549 0.372549
0.372549 0.372549 0.372549
0.372549 0.372549 0.372549
0.368627 0.368627 0.368627
0.368627 0.368627 0.368627
0.368627 0.368627 0.368627
0.368627 0.368627 0.368627
0.368627 0.368627 0.368627
0.364706 0.364706 0.364706
0.364706 0.364706 0.364706
0.364706 0.364706 0.364706
0.364706 0.364706 0.364706
0.364706 0.364706 0.364706
0.360784 0.360784 0.360784
0.360784 0.360784 0.360784
0.360784 0.360784 0.360784
0.360784 0.360784 0.360784
0.360784 0.360784 0.360784
0.360784 0.360784 0.360784
0.356863 0.356863 0.356863
0.356863 0.356863 0.356863
0.356863 0.356863 0.356863
0.356863 0.356863 0.356863
0.356863 0.356863 0.356863
0.352941 0.352941 0.352941
0.352941 0.352941 0.352941
0.352941 0.352941 0.352941
0.352941 0.352941 0.352941
0.352941 0.352941 0.352941
0.349020 0.349020 0.349020
0.349020 0.349020 0.349020
0.349020 0.349020 0.349020
0.349020 0.349020 0.349020
0.349020 0.349020 0.349020
0.345098 0.345098 0.345098
0.345098 0.345098 0.345098
0.345098 0.345098 0.345098
0.345098 0.345098 0.345098
0.345098 0.345098 0.345098
0.341176 0.341176 0.341176
0.341176 0.341176 0.341176
0.341176 0.341176 0.341176
0.341176 0.341176 0.341176
0.341176 0.341176 0.341176
0.337255 0.337255 0.337255
0.337255 0.337255 0.337255
0.337255 0.337255 0.337255
0.337255 0.337255 0.337255
0.337255 0.337255 0.337255
0.333333 0.333333 0.333333
0.333333 0.333333 0.333333
0.333333 0.333333 0.333333
0.333333 0.333333 0.333333
0.333333 0.333333 0.333333
0.329412 0.329412 0.329412
0.329412 0.329412 0.329412
0.329412 0.329412 0.329412
0.329412 0.329412 0.329412
0.329412 0.329412 0.329412
0.325490 0.325490 0.325490
0.325490 0.325490 0.325490
0.325490 0.325490 0.325490
0.325490 0.325490 0.325490
0.325490 0.325490 0.325490
0.325490 0.325490 0.325490
0.321569 0.321569 0.321569
0.321569 0.321569 0.321569
0.321569 0.321569 0.321569
0.321569 0.321569 0.321569
0.321569 0.321569 0.321569
0.317647 0.317647 0.317647
0.317647 0.317647 0.317647
0.317647 0.317647 0.317647
0.317647 0.317647 0.317647
0.317647 0.317647 0.317647
0.313725 0.313725 0.313725
0.313725 0.313725 0.313725
0.313725 0.313725 0.313725
0.313725 0.313725 0.313725
0.313725 0.313725 0.313725
0.309804 0.309804 0.309804
0.309804 0.309804 0.309804
0.309804 0.309804 0.309804
0.309804 0.309804 0.309804
0.309804 0.309804 0.309804
0.305882 0.305882 0.305882
0.305882 0.305882 0.305882
0.305882 0.305882 0.305882
0.305882 0.305882 0.305882
0.305882 0.305882 0.305882
0.301961 0.301961 0.301961
0.301961 0.301961 0.301961
0.301961 0.301961 0.301961
0.301961 0.301961 0.301961
0.301961 0.301961 0.301961
0.298039 0.298039 0.298039
0.298039 0.298039 0.298039
0.298039 0.298039 0.298039
0.298039 0.298039 0.298039
0.298039 0.298039 0.298039
0.294118 0.294118 0.294118
0.294118 0.294118 0.294118
0.294118 0.294118 0.294118
0.294118 0.294118 0.294118
0.294118 0.294118 0.294118
0.294118 0.294118 0.294118
0.290196 0.290196 0.290196
0.290196 0.290196 0.290196
0.290196 0.290196 0.290196
0.290196 0.290196 0.290196
0.290196 0.290196 0.290196
0.286275 0.286275 0.286275
0.286275 0.286275 0.286275
0.286275 0.286275 0.286275
0.286275 0.286275 0.286275
0.286275 0.286275 0.286275
0.282353 0.282353 0.282353
0.282353 0.282353 0.282353
0.282353 0.282353 0.282353
0.282353 0.282353 0.282353
0.282353 0.282353 0.282353
0.278431 0.278431 0.278431
0.278431 0.278431 0.278431
0.278431 0.278431 0.278431
0.278431 0.278431 0.278431
0.278431 0.278431 0.278431
0.274510 0.274510 0.274510
0.274510 0.274510 0.274510
0.274510 0.274510 0.274510
0.274510 0.274510 0.274510
0.274510 0.274510 0.274510
0.270588 0.270588 0.270588
0.270588 0.270588 0.270588
0.270588 0.270588 0.270588
0.270588 0.270588 0.270588
0.270588 0.270588 0.270588
0.266667 0.266667 0.266667
0.266667 0.266667 0.266667
0.266667 0.266667 0.266667
0.266667 0.266667 0.266667
0.266667 0.266667 0.266667
0.262745 0.262745 0.262745
0.262745 0.262745 0.262745
0.262745 0.262745 0.262745
0.262745 0.262745 0.262745
0.262745 0.262745 0.262745
0.258824 0.258824 0.258824
0.258824 0.258824 0.258824
0.258824 0.258824 0.258824
0.258824 0.258824 0.258824
0.258824 0.258824 0.258824
0.258824 0.258824 0.258824
0.254902 0.254902 0.254902
0.254902 0.254902 0.254902
0.254902 0.254902 0.254902
0.254902 0.254902 0.254902
0.254902 0.254902 0.254902
0.250980 0.250980 0.250980
0.250980 0.250980 0.250980
0.250980 0.250980 0.250980
0.250980 0.250980 0.250980
0.250980 0.250980 0.250980
0.247059 0.247059 0.247059
0.247059 0.247059 0.247059
0.247059 0.247059 0.247059
0.247059 0.247059 0.247059
0.247059 0.247059 0.247059
0.243137 0.243137 0.243137
0.243137 0.243137 0.243137
0.243137 0.243137 0.243137
0.243137 0.243137 0.243137
0.243137 0.243137 0.243137
0.239216 0.239216 0.239216
0.239216 0.239216 0.239216
0.239216 0.239216 0.239216
0.239216 0.239216 0.239216
0.239216 0.239216 0.239216
0.235294 0.235294 0.235294
0.235294 0.235294 0.235294
0.235294 0.235294 0.235294
0.235294 0.235294 0.235294
0.235294 0.235294 0.235294
0.231373 0.231373 0.231373
0.231373 0.231373 0.231373
0.231373 0.231373 0.231373
0.231373 0.231373 0.231373
0.231373 0.231373 0.231373
0.227451 0.227451 0.227451
0.227451 0.227451 0.227451
0.227451 0.227451 0.227451
0.227451 0.227451 0.227451
0.227451 0.227451 0.227451
0.223529 0.223529 0.223529
0.223529 0.223529 0.223529
0.223529 0.223529 0.223529
0.223529 0.223529 0.223529
0.223529 0.223529 0.223529
0.223529 0.223529 0.223529
0.219608 0.219608 0.219608
0.219608 0.219608 0.219608
0.219608 0.219608 0.219608
0.219608 0.219608 0.219608
0.219608 0.219608 0.219608
0.215686 0.215686 0.215686
0.215686 0.215686 0.215686
0.215686 0.215686 0.215686
0.215686 0.215686 0.215686
0.215686 0.215686 0.215686
0.211765 0.211765 0.211765
0.211765 0.211765 0.211765
0.211765 0.211765 0.211765
0.211765 0.211765 0.211765
0.211765 0.211765 0.211765
0.207843 0.207843 0.207843
0.207843 0.207843 0.207843
0.207843 0.207843 0.207843
0.207843 0.207843 0.207843
0.207843 0.207843 0.207843
0.203922 0.203922 0.203922
0.203922 0.203922 0.203922
0.203922 0.203922 0.203922
0.203922 0.203922 0.203922
0.203922 0.203922 0.203922
0.200000 0.200000 0.200000
0.200000 0.200000 0.200000
0.200000 0.200000 0.200000
0.200000 0.200000 0.200000
0.200000 0.200000 0.200000
0.196078 0.196078 0.196078
0.196078 0.196078 0.196078
0.196078 0.196078 0.196078
0.196078 0.196078 0.196078
0.196078 0.196078 0.196078
0.192157 0.192157 0.192157
0.192157 0.192157 0.192157
0.192157 0.192157 0.192157
0.192157 0.192157 0.192157
0.192157 0.192157 0.192157
0.188235 0.188235 0.188235
0.188235 0.188235 0.188235
0.188235 0.188235 0.188235
0.188235 0.188235 0.188235
0.188235 0.188235 0.188235
0.188235 0.188235 0.188235
0.184314 0.184314 0.184314
0.184314 0.184314 0.184314
0.184314 0.184314 0.184314
0.184314 0.184314 0.184314
0.184314 0.184314 0.184314
0.180392 0.180392 0.180392
0.180392 0.180392 0.180392
0.180392 0.180392 0.180392
0.180392 0.180392 0.180392
0.180392 0.180392 0.180392
0.176471 0.176471 0.176471
0.176471 0.176471 0.176471
0.176471 0.176471 0.176471
0.176471 0.176471 0.176471
0.176471 0.176471 0.176471
0.172549 0.172549 0.172549
0.172549 0.172549 0.172549
0.172549 0.172549 0.172549
0.172549 0.172549 0.172549
0.172549 0.172549 0.172549
0.168627 0.168627 0.168627
0.168627 0.168627 0.168627
0.168627 0.168627 0.168627
0.168627 0.168627 0.168627
0.168627 0.168627 0.168627
0.164706 0.164706 0.164706
0.164706 0.164706 0.164706
0.164706 0.164706 0.164706
0.164706 0.164706 0.164706
0.164706 0.164706 0.164706
0.160784 0.160784 0.160784
0.160784 0.160784 0.160784
0.160784 0.160784 0.160784
0.160784 0.160784 0.160784
0.160784 0.160784 0.160784
0.156863 0.156863 0.156863
0.156863 0.156863 0.156863
0.156863 0.156863 0.156863
0.156863 0.156863 0.156863
0.156863 0.156863 0.156863
0.152941 0.152941 0.152941
0.152941 0.152941 0.152941
0.152941 0.152941 0.152941
0.152941 0.152941 0.152941
0.152941 0.152941 0.152941
0.152941 0.152941 0.152941
0.149020 0.149020 0.149020
0.149020 0.149020 0.149020
0.149020 0.149020 0.149020
0.149020 0.149020 0.149020
0.149020 0.149020 0.149020
0.145098 0.145098 0.145098
0.145098 0.145098 0.145098
0.145098 0.145098 0.145098
0.145098 0.145098 0.145098
0.145098 0.145098 0.145098
0.141176 0.141176 0.141176
0.141176 0.141176 0.141176
0.141176 0.141176 0.141176
0.141176 0.141176 0.141176
0.141176 0.141176 0.141176
0.137255 0.137255 0.137255
0.137255 0.137255 0.137255
0.137255 0.137255 0.137255
0.137255 0.137255 0.137255
0.137255 0.137255 0.137255
0.133333 0.133333 0.133333
0.133333 0.133333 0.133333
0.133333 0.133333 0.133333
0.133333 0.133333 0.133333
0.133333 0.133333 0.133333
0.129412 0.129412 0.129412
0.129412 0.129412 0.129412
0.129412 0.129412 0.129412
0.129412 0.129412 0.129412
0.129412 0.129412 0.129412
0.125490 0.125490 0.125490
0.125490 0.125490 0.125490
0.125490 0.125490 0.125490
0.125490 0.125490 0.125490
0.125490 0.125490 0.125490
0.121569 0.121569 0.121569
0.121569 0.121569 0.121569
0.121569 0.121569 0.121569
0.121569 0.121569 0.121569
0.121569 0.121569 0.121569
0.121569 0.121569 0.121569
0.117647 0.117647 0.117647
0.117647 0.117647 0.117647
0.117647 0.117647 0.117647
0.117647 0.117647 0.117647
0.117647 0.117647 0.117647
0.113725 0.113725 0.113725
0.113725 0.113725 0.113725
0.113725 0.113725 0.113725
0.113725 0.113725 0.113725
0.113725 0.113725 0.113725
0.109804 0.109804 0.109804
0.109804 0.109804 0.109804
0.109804 0.109804 0.109804
0.109804 0.109804 0.109804
0.109804 0.109804 0.109804
0.105882 0.105882 0.105882
0.105882 0.105882 0.105882
0.105882 0.105882 0.105882
0.105882 0.105882 0.105882
0.105882 0.105882 0.105882
0.101961 0.101961 0.101961
0.101961 0.101961 0.101961
0.101961 0.101961 0.101961
0.101961 0.101961 0.101961
0.101961 0.101961 0.101961
0.098039 0.098039 0.098039
0.098039 0.098039 0.098039
0.098039 0.098039 0.098039
0.098039 0.098039 0.098039
0.098039 0.098039 0.098039
0.094118 0.094118 0.094118
0.094118 0.094118 0.094118
0.094118 0.094118 0.094118
0.094118 0.094118 0.094118
0.094118 0.094118 0.094118
0.090196 0.090196 0.090196
0.090196 0.090196 0.090196
0.090196 0.090196 0.090196
0.090196 0.090196 0.090196
0.090196 0.090196 0.090196
0.086275 0.086275 0.086275
0.086275 0.086275 0.086275
0.086275 0.086275 0.086275
0.086275 0.086275 0.086275
0.086275 0.086275 0.086275
0.086275 0.086275 0.086275
0.082353 0.082353 0.082353
0.082353 0.082353 0.082353
0.082353 0.082353 0.082353
0.082353 0.082353 0.082353
0.082353 0.082353 0.082353
0.078431 0.078431 0.078431
0.078431 0.078431 0.078431
0.078431 0.078431 0.078431
0.078431 0.078431 0.078431
0.078431 0.078431 0.078431
0.074510 0.074510 0.074510
0.074510 0.074510 0.074510
0.074510 0.074510 0.074510
0.074510 0.074510 0.074510
0.074510 0.074510 0.074510
0.070588 0.070588 0.070588
0.070588 0.070588 0.070588
0.070588 0.070588 0.070588
0.070588 0.070588 0.070588
0.070588 0.070588 0.070588
0.066667 0.066667 0.066667
0.066667 0.066667 0.066667
0.066667 0.066667 0.066667
0.066667 0.066667 0.066667
0.066667 0.066667 0.066667
0.062745 0.062745 0.062745
0.062745 0.062745 0.062745
0.062745 0.062745 0.062745
0.062745 0.062745 0.062745
0.062745 0.062745 0.062745
0.058824 0.058824 0.058824
0.058824 0.058824 0.058824
0.058824 0.058824 0.058824
0.058824 0.058824 0.058824
0.058824 0.058824 0.058824
0.054902 0.054902 0.054902
0.054902 0.054902 0.054902
0.054902 0.054902 0.054902
0.054902 0.054902 0.054902
0.054902 0.054902 0.054902
0.050980 0.050980 0.050980
0.050980 0.050980 0.050980
0.050980 0.050980 0.050980
0.050980 0.050980 0.050980
0.050980 0.050980 0.050980
0.050980 0.050980 0.050980
0.047059 0.047059 0.047059
0.047059 0.047059 0.047059
0.047059 0.047059 0.047059
0.047059 0.047059 0.047059
0.047059 0.047059 0.047059
0.043137 0.043137 0.043137
0.043137 0.043137 0.043137
0.043137 0.043137 0.043137
0.043137 0.043137 0.043137
0.043137 0.043137 0.043137
0.039216 0.039216 0.039216
0.039216 0.039216 0.039216
0.039216 0.039216 0.039216
0.039216 0.039216 0.039216
0.039216 0.039216 0.039216
0.035294 0.035294 0.035294
0.035294 0.035294 0.035294
0.035294 0.035294 0.035294
0.035294 0.035294 0.035294
0.035294 0.035294 0.035294
0.031373 0.031373 0.031373
0.031373 0.031373 0.031373
0.031373 0.031373 0.031373
0.031373 0.031373 0.031373
0.031373 0.031373 0.031373
0.027451 0.027451 0.027451
0.027451 0.027451 0.027451
0.027451 0.027451 0.027451
0.027451 0.027451 0.027451
0.027451 0.027451 0.027451
0.023529 0.023529 0.023529
0.023529 0.023529 0.023529
0.023529 0.023529 0.023529
0.023529 0.023529 0.023529
0.023529 0.023529 0.023529
0.019608 0.019608 0.019608
0.019608 0.019608 0.019608
0.019608 0.019608 0.019608
0.019608 0.019608 0.019608
0.019608 0.019608 0.019608
0.015686 0.015686 0.015686
0.015686 0.015686 0.015686
0.015686 0.015686 0.015686
0.015686 0.015686 0.015686
0.015686 0.015686 0.015686
0.015686 0.015686 0.015686
0.011765 0.011765 0.011765
0.011765 0.011765 0.011765
0.011765 0.011765 0.011765
0.011765 0.011765 0.011765
0.011765 0.011765 0.011765
0.007843 0.007843 0.007843
0.007843 0.007843 0.007843
0.007843 0.007843 0.007843
0.007843 0.007843 0.007843
0.007843 0.007843 0.007843
0.003922 0.003922 0.003922
0.003922 0.003922 0.003922
0.003922 0.003922 0.003922
0.003922 0.003922 0.003922
0.003922 0.003922 0.003922
0.000000 0.000000 0.000000
0.000000 0.000000 0.000000
0.000000 0.000000 0.000000
