 21  691.376561 8.069E-25 2.840E+00.06970.090 2968.80300.73-.000535       0 5 5 01       0 4 4 01                    R 27f     4666632429 9 9 711    57.0   55.0
 21  691.394197 8.180E-28 1.894E+00.06970.090 4303.75980.73-.000535       2 3 3 02       2 2 2 02                    R 27f     3666632429 9 9 711    57.0   55.0
 21  691.401946 1.784E-25 9.283E-01.06630.076 3149.95560.74-.000895       0 1 1 11       0 0 0 11                    R 45e     4665632429 9 9 711    93.0   91.0
 21  691.408993 1.555E-30 3.809E+00.06570.074 5850.09670.74-.000803       2 4 4 01       2 3 3 01                    Q 49e     3665632429 9 9 711    99.0   99.0
 21  691.422180 4.309E-30 1.473E+00.06610.075 5436.47820.74-.000910       3 2 2 03       3 1 1 03                    R 46f     3665632429 9 9 711    95.0   93.0
 21  691.431314 9.380E-30 3.290E+00.07200.096 5278.66440.71-.000626       2 1 1 11       2 0 0 11                    Q 21e     3666632429 9 9 711    43.0   43.0
 21  691.435059 2.689E-22 1.526E+00.06940.089 1653.07420.73-.000560       0 3 3 01       0 2 2 01                    R 28e     3766632429 9 9 711    59.0   57.0
 21  691.450740 3.314E-27 1.245E+00.07250.097 3861.84940.71-.000298       1 1 1 11       1 0 0 11                    R 19e     4666632429 9 9 711    41.0   39.0
 21  691.454915 1.310E-30 3.806E+00.06550.074 5889.25360.74-.000809       2 4 4 01       2 3 3 01                    Q 50f     3655532429 9 9 711   101.0  101.0
 21  691.459167 1.334E-26 1.286E+00.06940.089 3656.89830.73-.000560       2 2 2 02       2 1 1 02                    R 28f     3666632429 9 9 711    59.0   57.0
 21  691.466580 1.330E-25 1.702E+00.06660.077 3326.03100.74-.000863       1 3 3 02       1 2 2 02                    R 43f     4665632429 9 9 711    89.0   87.0
 21  691.472250 1.441E-25 1.756E-01.06230.068 2912.08910.71-.000591       1 1 1 01       0 2 2 01                    P 63f     4755532429 9 9 711   125.0  127.0
 21  691.476190 1.273E-28 1.507E+00.06170.067 4810.61130.70-.001122       2 2 2 03       2 1 1 03                    R 64f     3655532429 9 9 711   131.0  129.0
 21  691.484470 3.246E-28 2.079E+00.05850.065 4713.52650.67-.001205       2 1 1 03       2 0 0 03                    R 74e     4655532429 9 9 711   151.0  149.0
 21  691.491816 4.136E-29 3.593E+00.06760.082 5111.33180.75-.000758       1 6 6 02       1 5 5 02                    R 37e     3666632429 9 9 711    77.0   75.0
 21  691.502575 1.036E-24 1.195E+00.06570.074 2852.86230.74-.000939       1 2 2 02       1 1 1 02                    R 48f     4765632429 9 9 711    99.0   97.0
 21  691.506463 3.792E-28 3.356E+00.06760.082 4641.43400.75-.000741       3 1 1 02       3 0 0 02                    Q 38e     3666632429 9 9 711    77.0   77.0
 21  691.515698 3.154E-28 1.878E+00.08800.120 4066.61200.700.000477       3 1 1 02       3 0 0 02                    R  2e     3666632429 9 9 711     7.0    5.0
 21  691.521572 1.448E-26 1.294E+00.06970.090 3634.14410.73-.000535       2 2 2 02       2 1 1 02                    R 27e     3666632429 9 9 711    57.0   55.0
 21  691.521889 1.100E-30 3.805E+00.06530.073 5929.17100.74-.000814       2 4 4 01       2 3 3 01                    Q 51e     3655532429 9 9 711   103.0  103.0
 21  691.527589 2.909E-30 5.613E+00.07400.100 5586.99230.70-.000191       1 7 7 01       1 6 6 01                    R 16e     3666632429 9 9 711    35.0   33.0
 21  691.529243 8.905E-29 1.153E+00.07020.092 4642.93080.73-.000481       1 2 2 11       1 1 1 11                    R 25f     3666632429 9 9 711    53.0   51.0
 21  691.531253 8.676E-30 3.300E+00.07120.095 5313.53060.72-.000641       2 1 1 11       2 0 0 11                    Q 23e     3666632429 9 9 711    47.0   47.0
 21  691.549020 2.135E-23 2.454E+00.06550.074 2382.42160.74-.000809       1 1 1 01       1 0 0 01                    Q 50e     3755532429 9 9 711   101.0  101.0
 21  691.600108 1.446E-30 2.350E+00.07660.104 5498.22520.68-.000029       3 3 3 02       3 2 2 02                    R 12e     3666632429 9 9 711    27.0   25.0
 21  691.626326 9.304E-29 5.332E+00.06990.091 4956.47060.73-.000508       0 8 8 01       0 7 7 01                    R 26f     3666632429 9 9 711    55.0   53.0
 21  691.639879 7.849E-30 3.309E+00.07050.093 5351.49420.72-.000656       2 1 1 11       2 0 0 11                    Q 25e     3666632429 9 9 711    51.0   51.0
 21  691.683041 2.545E-29 1.822E-01.06550.074 4649.40110.74-.000615       1 1 1 11       0 2 2 11                    P 50f     3655532429 9 9 711    99.0  101.0
 21  691.685756 3.644E-29 2.045E+00.06660.077 5051.11630.74-.000863       0 4 4 11       0 3 3 11                    R 43f     3665632429 9 9 711    89.0   87.0
 21  691.690759 2.474E-28 2.107E+00.05570.064 4792.70600.64-.000959       1 2 2 01       1 1 1 01                    Q 83e     4755532429 9 9 711   167.0  167.0
 21  691.692419 2.866E-28 3.565E-01.06230.068 4337.36770.71-.000591       2 1 1 01       1 2 2 01                    P 63f     4655532429 9 9 711   125.0  127.0
 21  691.706944 4.247E-29 2.548E+00.06970.090 4973.20400.73-.000535       2 4 4 02       2 3 3 02                    R 27e     3666632429 9 9 711    57.0   55.0
 21  691.707239 2.451E-29 1.627E+00.07910.108 4788.52450.680.000111       3 2 2 02       3 1 1 02                    R  9e     3666632429 9 9 711    21.0   19.0
 21  691.727852 1.651E-24 8.561E-01.06780.083 2625.52330.74-.000685       2 0 0 01       1 1 1 01                    P 37e     4766632429 9 9 711    73.0   75.0
 21  691.744649 3.937E-26 3.590E+00.06970.090 3638.14070.73-.000535       0 6 6 01       0 5 5 01                    R 27e     3666632429 9 9 711    57.0   55.0
 21  691.750295 2.969E-28 3.370E+00.06730.080 4702.94090.75-.000753       3 1 1 02       3 0 0 02                    Q 40e     3666632429 9 9 711    81.0   81.0
 21  691.752711 3.942E-29 1.904E+00.06400.070 5072.98950.72-.001040       2 3 3 03       2 2 2 03                    R 56e     3655532429 9 9 711   115.0  113.0
 21  691.757140 6.954E-30 3.320E+00.06990.091 5392.55490.73-.000670       2 1 1 11       2 0 0 11                    Q 27e     3666632429 9 9 711    55.0   55.0
 21  691.772439 6.490E-30 1.401E+00.06660.077 5328.30490.74-.000863       3 2 2 03       3 1 1 03                    R 43e     3665632429 9 9 711    89.0   87.0
 21  691.777057 2.242E-30 4.326E+00.06780.083 5743.67860.74-.000739       1 7 7 02       1 6 6 02                    R 36e     3666632429 9 9 711    75.0   73.0
 21  691.777537 1.507E-23 2.462E+00.06510.072 2462.67570.74-.000819       1 1 1 01       1 0 0 01                    Q 52e     4755532429 9 9 711   105.0  105.0
 21  691.791375 5.443E-25 1.982E+00.07660.104 2821.80300.68-.000029       1 3 3 01       1 2 2 01                    R 12e     4666632429 9 9 711    27.0   25.0
 21  691.801846 8.740E-24 1.298E+00.07910.108 2111.99170.680.000111       1 2 2 01       1 1 1 01                    R  9e     4766632429 9 9 711    21.0   19.0
 21  691.823024 1.466E-23 2.149E+00.06940.089 2321.76500.73-.000560       0 4 4 01       0 3 3 01                    R 28f     4766632429 9 9 711    59.0   57.0
 21  691.842970 1.371E-27 3.593E+00.07460.101 4216.55040.69-.000153       1 5 5 01       1 4 4 01                    R 15f     3666632429 9 9 711    33.0   31.0
 21  691.843200 6.504E-28 2.913E+00.06730.080 4511.58780.75-.000795       1 5 5 02       1 4 4 02                    R 39f     3666632429 9 9 711    81.0   79.0
 21  691.852654 4.708E-30 2.474E+00.06490.072 5549.11670.73-.000992       2 4 4 03       2 3 3 03                    R 52f     3655532429 9 9 711   107.0  105.0
 21  691.876771 7.563E-27 9.606E-01.06630.076 3806.98470.74-.000895       0 2 2 11       0 1 1 11                    R 45f     4665632429 9 9 711    93.0   91.0
 21  691.882980 6.038E-30 3.332E+00.06940.089 5436.71200.73-.000683       2 1 1 11       2 0 0 11                    Q 29e     3666632429 9 9 711    59.0   59.0
 21  691.886663 2.417E-26 3.796E-01.07090.094 3236.51930.72-.000833       1 0 0 11       0 1 1 11                    P 24e     4666632429 9 9 711    47.0   49.0
 21  691.894195 9.671E-27 2.287E+00.06700.079 3916.33460.75-.000830       1 4 4 02       1 3 3 02                    R 41e     3665632429 9 9 711    85.0   83.0
 21  691.965362 4.221E-30 6.295E+00.06990.091 5626.73490.73-.000508       0 9 9 01       0 8 8 01                    R 26e     3666632429 9 9 711    55.0   53.0
 21  691.972426 9.101E-20 9.153E-01.06890.088  362.78830.74-.000609       0 1 1 01       0 0 0 01                    R 30e     3766632429 9 9 711    63.0   61.0
 21  691.974443 4.185E-30 1.730E+00.06940.089 5377.17670.73-.000560       1 3 3 11       1 2 2 11                    R 28f     3666632429 9 9 711    59.0   57.0
 21  691.975571 2.832E-26 2.735E+00.07520.102 3524.57490.69-.000113       1 4 4 01       1 3 3 01                    R 14f     3666632429 9 9 711    31.0   29.0
 21  691.982918 3.882E-30 2.519E-01.06630.076 5085.39940.74-.000630       2 0 0 12       1 1 1 12                    P 46e     3665632429 9 9 711    91.0   93.0
 21  691.984434 2.760E-27 7.246E-01.08340.114 3517.12440.68-.001268       2 2 2 01       2 1 1 01                    P  6f     3666632429 9 9 711    11.0   13.0
 21  691.997487 6.320E-29 4.510E+00.07400.100 4908.39340.70-.000191       1 6 6 01       1 5 5 01                    R 16f     3666632429 9 9 711    35.0   33.0
 21  692.005487 2.284E-28 3.385E+00.06700.079 4767.55690.75-.000764       3 1 1 02       3 0 0 02                    Q 42e     3665632429 9 9 711    85.0   85.0
 21  692.006586 1.342E-29 1.423E-01.05850.065 4814.14030.67-.000592       2 1 1 02       1 2 2 02                    P 75f     4655532429 9 9 711   149.0  151.0
 21  692.014271 1.047E-23 2.473E+00.06470.071 2546.03630.73-.000830       1 1 1 01       1 0 0 01                    Q 54e     4755532429 9 9 711   109.0  109.0
 21  692.015836 2.093E-30 3.259E+00.06970.090 5642.92140.73-.000535       2 5 5 02       2 4 4 02                    R 27f     3666632429 9 9 711    57.0   55.0
 21  692.016372 1.317E-30 1.058E+00.06290.069 5665.01900.71-.001083       1 2 2 12       1 1 1 12                    R 60e     3655532429 9 9 711   123.0  121.0
 21  692.017334 5.142E-30 3.345E+00.06890.088 5483.96520.74-.000697       2 1 1 11       2 0 0 11                    Q 31e     3666632429 9 9 711    63.0   63.0
 21  692.019001 2.531E-28 4.796E-01.04990.062 4521.45860.58-.001286       1 0 0 02       0 1 1 01                    R 99e     4744432429 9 9 711   201.0  199.0
 21  692.020209 1.241E-28 1.824E-01.05750.065 4415.73710.66-.000595       1 2 2 01       0 3 3 01                    P 78f     4655532429 9 9 711   155.0  157.0
 21  692.060777 7.484E-29 9.099E-01.07160.095 4586.60360.71-.000866       2 0 0 11       1 1 1 11                    P 22e     3666632429 9 9 711    43.0   45.0
 21  692.063899 1.342E-28 2.116E+00.05500.064 4924.06190.64-.000967       1 2 2 01       1 1 1 01                    Q 85e     4755532429 9 9 711   171.0  171.0
 21  692.080965 7.706E-30 1.238E+00.07300.098 5086.71120.70-.000958       3 2 2 01       3 1 1 01                    P 19e     3666632429 9 9 711    37.0   39.0
 21  692.093931 5.586E-28 1.486E+00.06650.077 4428.23320.74-.000879       0 3 3 11       0 2 2 11                    R 44f     4665632429 9 9 711    91.0   89.0
 21  692.094180 1.253E-30 7.742E+00.08470.116 5587.99860.690.000389       2 5 5 01       2 4 4 01                    R  4e     3666632429 9 9 711    11.0    9.0
 21  692.103326 1.861E-27 4.403E+00.06970.090 4307.80830.73-.000535       0 7 7 01       0 6 6 01                    R 27f     3666632429 9 9 711    57.0   55.0
 21  692.121956 1.926E-30 2.642E+00.06660.077 5708.52000.74-.000863       0 5 5 11       0 4 4 11                    R 43e     3665632429 9 9 711    89.0   87.0
 21  692.122603 1.058E-27 1.201E+00.06680.078 4238.86550.75-.000645       3 0 0 01       2 1 1 01                    P 43e     3665632429 9 9 711    85.0   87.0
 21  692.129013 4.052E-21 9.650E-01.06920.088 1007.13350.74-.000585       0 2 2 01       0 1 1 01                    R 29e     3766632429 9 9 711    61.0   59.0
 21  692.160136 4.297E-30 3.358E+00.06850.086 5534.31380.74-.000710       2 1 1 11       2 0 0 11                    Q 33e     3666632429 9 9 711    67.0   67.0
 21  692.167952 3.182E-27 3.151E-05.06800.084 1805.25230.74-.000783       0 3 3 01       1 0 0 02                    P 36e     3666632429 9 9 711    71.0   73.0
 21  692.193290 4.456E-29 1.953E-01.06610.075 4535.33920.74-.000626       1 1 1 11       0 2 2 11                    P 47e     3665632429 9 9 711    93.0   95.0
 21  692.201450 7.462E-25 2.830E+00.06940.089 2990.80310.73-.000560       0 5 5 01       0 4 4 01                    R 28e     4666632429 9 9 711    59.0   57.0
 21  692.203177 7.378E-30 1.170E+00.07350.099 5072.50010.70-.000978       3 2 2 01       3 1 1 01                    P 18f     3666632429 9 9 711    35.0   37.0
 21  692.203434 1.381E-30 1.831E+00.06990.091 5602.46330.73-.000508       4 1 1 03       4 0 0 03                    R 26e     3666632429 9 9 711    55.0   53.0
 21  692.221203 7.601E-28 1.895E+00.06940.089 4325.66560.73-.000560       2 3 3 02       2 2 2 02                    R 28e     3666632429 9 9 711    59.0   57.0
 21  692.238913 2.921E-30 1.381E+00.05950.066 5589.66860.68-.001182       1 1 1 12       1 0 0 12                    R 71e     3655532429 9 9 711   145.0  143.0
 21  692.246005 8.774E-27 9.567E-01.06650.077 3770.91730.74-.000879       0 2 2 11       0 1 1 11                    R 44e     4665632429 9 9 711    91.0   89.0
 21  692.259136 7.153E-24 2.482E+00.06420.070 2632.50220.73-.000840       1 1 1 01       1 0 0 01                    Q 56e     4755532429 9 9 711   113.0  113.0
 21  692.259634 2.486E-22 1.528E+00.06920.088 1675.77720.74-.000585       0 3 3 01       0 2 2 01                    R 29f     4766632429 9 9 711    61.0   59.0
 21  692.264972 1.151E-25 1.707E+00.06650.077 3360.51610.74-.000879       1 3 3 02       1 2 2 02                    R 44e     4665632429 9 9 711    91.0   89.0
 21  692.271877 1.728E-28 3.402E+00.06660.077 4835.28110.74-.000776       3 1 1 02       3 0 0 02                    Q 44e     3665632429 9 9 711    89.0   89.0
 21  692.300610 1.668E-28 1.848E-01.05780.065 4354.78590.66-.000594       1 2 2 01       0 3 3 01                    P 77e     4655532429 9 9 711   153.0  155.0
 21  692.304088 1.780E-30 8.154E-01.06370.070 5535.47590.72-.000596       3 1 1 01       2 2 2 01                    P 58e     3655532429 9 9 711   115.0  117.0
 21  692.311310 3.525E-30 3.372E+00.06810.084 5587.75720.74-.000722       2 1 1 11       2 0 0 11                    Q 35e     3666632429 9 9 711    71.0   71.0
 21  692.330050 3.658E-29 3.590E+00.06750.081 5141.24620.75-.000777       1 6 6 02       1 5 5 02                    R 38f     3666632429 9 9 711    79.0   77.0
 21  692.337707 2.808E-30 5.482E+00.07350.099 5600.39090.70-.000228       1 7 7 01       1 6 6 01                    R 17f     3666632429 9 9 711    37.0   35.0
 21  692.351673 1.775E-27 6.973E-01.06710.080 4010.58920.75-.000657       3 0 0 02       2 1 1 02                    P 41e     3665632429 9 9 711    81.0   83.0
 21  692.357104 2.530E-29 1.596E+00.07820.107 4796.48080.680.000062       3 2 2 02       3 1 1 02                    R 10f     3666632429 9 9 711    23.0   21.0
 21  692.381171 1.913E-30 5.332E-07.06800.084 2497.42030.74-.000628       2 0 0 02       0 3 3 01                    R 35e     3666632429 9 9 711    73.0   71.0
 21  692.386737 4.819E-25 2.009E-01.06370.070 2673.79120.72-.000596       1 1 1 01       0 2 2 01                    P 58e     4755532429 9 9 711   115.0  117.0
 21  692.400105 3.727E-21 9.664E-01.06890.088 1031.12910.74-.000609       0 2 2 01       0 1 1 01                    R 30f     3766632429 9 9 711    63.0   61.0
 21  692.401698 1.454E-30 2.316E+00.07590.103 5508.39610.68-.000072       3 3 3 02       3 2 2 02                    R 13f     3666632429 9 9 711    29.0   27.0
 21  692.409308 6.710E-24 1.392E+00.06400.070 2530.23390.72-.001040       1 1 1 02       1 0 0 02                    R 56e     4755532429 9 9 711   115.0  113.0
 21  692.415957 6.264E-26 2.588E-01.06450.071 3134.54990.73-.000602       2 0 0 02       1 1 1 02                    P 55e     4655532429 9 9 711   109.0  111.0
 21  692.426991 2.198E-30 3.363E-06.07910.108 2591.38660.68-.000558       1 3 3 02       2 0 0 03                    Q 10e     3666632429 9 9 711    21.0   21.0
 21  692.445218 7.172E-29 2.126E+00.05430.063 5058.49770.63-.000974       1 2 2 01       1 1 1 01                    Q 87e     4755532429 9 9 711   175.0  175.0
 21  692.452599 8.592E-29 5.282E+00.06970.090 4977.79670.73-.000535       0 8 8 01       0 7 7 01                    R 27e     3666632429 9 9 711    57.0   55.0
 21  692.465082 1.546E-30 1.967E+00.09030.123 5100.43510.690.000431       2 1 1 11       2 0 0 11                    R  1e     3666632429 9 9 711     5.0    3.0
 21  692.470776 2.841E-30 3.388E+00.06780.083 5644.29490.74-.000734       2 1 1 11       2 0 0 11                    Q 37e     3666632429 9 9 711    75.0   75.0
 21  692.479803 3.222E-29 1.826E+00.06450.071 5098.15030.73-.001016       3 1 1 03       3 0 0 03                    R 54e     3655532429 9 9 711   111.0  109.0
 21  692.498571 4.914E-30 6.893E-06.07740.105 2609.37540.68-.000582       1 3 3 02       2 0 0 03                    Q 12e     3666632429 9 9 711    25.0   25.0
 21  692.505938 9.037E-24 1.276E+00.07820.107 2119.90110.680.000062       1 2 2 01       1 1 1 01                    R 10f     4766632429 9 9 711    23.0   21.0
 21  692.512046 4.809E-24 2.493E+00.06370.070 2722.07220.72-.000850       1 1 1 01       1 0 0 01                    Q 58e     4755532429 9 9 711   117.0  117.0
 21  692.518715 2.997E-28 1.160E+00.06320.069 4563.64140.72-.001072       2 2 2 03       2 1 1 03                    R 59e     3655532429 9 9 711   121.0  119.0
 21  692.527201 3.155E-29 2.049E+00.06650.077 5085.33380.74-.000879       0 4 4 11       0 3 3 11                    R 44e     3665632429 9 9 711    91.0   89.0
 21  692.530895 3.938E-29 2.545E+00.06940.089 4995.15400.73-.000560       2 4 4 02       2 3 3 02                    R 28f     3666632429 9 9 711    59.0   57.0
 21  692.532249 3.891E-30 1.141E+00.06750.081 5361.10640.75-.000670       4 0 0 02       3 1 1 02                    P 39e     3666632429 9 9 711    77.0   79.0
 21  692.547895 2.838E-28 1.908E+00.07020.092 4499.53390.73-.000844       3 1 1 01       3 0 0 01                    P 26e     3666632429 9 9 711    51.0   53.0
 21  692.549225 8.196E-30 1.806E-03.06450.071 3956.38690.73-.001068       1 3 3 01       2 0 0 01                    R 54e     3655532429 9 9 711   111.0  109.0
 21  692.549295 1.285E-28 3.418E+00.06630.076 4906.11280.74-.000787       3 1 1 02       3 0 0 02                    Q 46e     3665632429 9 9 711    93.0   93.0
 21  692.559859 3.203E-25 1.544E+00.07590.103 2879.15910.68-.001063       2 1 1 01       2 0 0 01                    P 14e     4666632429 9 9 711    27.0   29.0
 21  692.570426 3.634E-26 3.571E+00.06940.089 3660.17960.73-.000560       0 6 6 01       0 5 5 01                    R 28f     3666632429 9 9 711    59.0   57.0
 21  692.580056 1.503E-22 1.316E+00.08470.116 1395.98790.690.000389       1 1 1 01       1 0 0 01                    R  4e     3766632429 9 9 711    11.0    9.0
 21  692.582770 9.408E-30 1.261E-05.07590.103 2630.49180.68-.000603       1 3 3 02       2 0 0 03                    Q 14e     3666632429 9 9 711    29.0   29.0
 21  692.592476 5.471E-25 1.953E+00.07590.103 2831.98240.68-.000072       1 3 3 01       1 2 2 01                    R 13f     4666632429 9 9 711    29.0   27.0
 21  692.614686 1.989E-30 4.318E+00.06760.082 5772.85770.75-.000758       1 7 7 02       1 6 6 02                    R 37f     3666632429 9 9 711    77.0   75.0
 21  692.638447 2.249E-30 3.404E+00.06750.081 5703.92620.75-.000747       2 1 1 11       2 0 0 11                    Q 39e     3666632429 9 9 711    79.0   79.0
 21  692.645479 8.519E-29 1.476E-01.06080.066 4420.86860.69-.000590       2 1 1 02       1 2 2 02                    P 68e     4655532429 9 9 711   135.0  137.0
 21  692.648310 1.352E-23 2.146E+00.06920.088 2344.50920.74-.000585       0 4 4 01       0 3 3 01                    R 29e     4766632429 9 9 711    61.0   59.0
 21  692.650278 1.340E-27 3.527E+00.07400.100 4229.12010.70-.000191       1 5 5 01       1 4 4 01                    R 16e     3666632429 9 9 711    35.0   33.0
 21  692.679672 1.603E-29 2.125E-05.07460.101 2654.73520.69-.000622       1 3 3 02       2 0 0 03                    Q 16e     3666632429 9 9 711    33.0   33.0
 21  692.683264 5.711E-28 2.915E+00.06710.080 4543.01780.75-.000813       1 5 5 02       1 4 4 02                    R 40e     3666632429 9 9 711    83.0   81.0
