 11 2500.032794 9.113E-27 1.134E-02.07120.333 2337.66680.61-.011580          1 0 0          0 1 0  9  2  7        8  1  8      534426307294713152    57.0   51.0
 11 2500.330356 1.356E-26 4.909E-02.08340.371 2282.58960.72-.007760          0 0 1          0 1 0  7  5  2        6  3  3      564426807294713152    15.0   13.0
 11 2500.961555 1.630E-30 5.065E-04.04920.265 3512.40420.59-.002400          0 0 1          0 0 0 11  7  5       12 11  2      532230807260713049    69.0   75.0
 11 2500.974555 4.659E-30 1.151E-04.04220.281 2972.82790.55-.000120          0 2 0          0 0 0 10  7  4       11 10  1      432230807260713049    63.0   69.0
 11 2500.983824 1.552E-30 1.150E-04.04220.281 2972.82790.55-.000170          0 2 0          0 0 0 10  7  3       11 10  2      432230807260713049    21.0   23.0
 11 2501.386074 2.393E-30 3.709E-04.05240.265 3386.37950.520.012370          1 0 0          0 1 0 12  5  8       12  2 11      432230807294713152    75.0   75.0
 11 2502.567773 5.186E-28 6.179E-04.08150.391 2024.15270.690.001920          1 0 0          0 1 0  6  5  1        5  2  4      534223807294713152    13.0   11.0
 11 2502.662470 1.844E-29 1.242E-04.06450.298 2705.13960.600.006010          1 0 0          0 1 0 10  4  7       10  1 10      534233807294713152    63.0   63.0
 11 2502.864273 1.989E-28 6.813E-02.06840.281 3323.26980.610.001440          1 0 0          0 1 0 12  4  8       11  3  9      434233807294713152    25.0   23.0
 11 2503.835227 1.625E-30 3.540E-03.02560.172 4021.21840.32-.002250          0 1 0          0 0 0 19  4 15       19  1 18      472230807260713049   117.0  117.0
 11 2504.348292 4.557E-30 3.587E-05.06920.333 2490.35410.650.005750          0 2 0          0 1 0  9  6  4        8  1  7      432230807294713152    19.0   17.0
 11 2504.808768 9.220E-29 2.557E-04.04920.281 2522.26520.53-.001220          0 2 0          0 0 0 10  5  6       11  8  3      434233807260713049    63.0   69.0
 11 2505.134400 2.206E-27 5.027E-05.06420.281 1327.11760.640.005460          0 1 0          0 0 0 11  6  6       11  1 11      574223807260713049    23.0   23.0
 11 2505.298052 2.160E-30 1.798E-05.06640.281 2522.26160.66-.010700          0 0 1          0 0 0 10  2  9       11  8  4      532230807260713049    21.0   23.0
 11 2505.362350 4.293E-30 1.354E-06.07340.298 2054.34520.68-.005730          1 0 0          0 0 0  9  0  9       10  7  4      532230807360713049    57.0   63.0
 11 2505.377617 1.868E-28 1.283E-03.06710.315 2688.07990.610.011450          0 0 1          0 1 0  9  5  5        9  1  8      534233807294713152    57.0   57.0
 11 2507.138111 2.762E-27 2.859E-06.08540.371  602.77350.740.001390          0 1 0          0 0 0  7  7  1        6  2  4      574223807260713049    15.0   13.0
 11 2507.230293 1.025E-26 1.712E-03.04200.265 1962.50690.40-.004580          0 2 0          0 0 0 11  0 11       12  3 10      564223807260713049    69.0   75.0
 11 2507.361288 1.247E-30 3.911E-05.05830.265 2813.52780.60-.013970          1 0 0          0 0 0 11  3  9       12  8  4      432230807360713049    23.0   25.0
 11 2507.548796 3.221E-29 2.686E-04.05130.281 2522.26160.540.004760          0 2 0          0 0 0 10  5  5       11  8  4      434233807260713049    21.0   23.0
 11 2507.572734 8.372E-30 2.496E-02.07980.412 3598.72700.70-.006900          0 1 1          0 2 0  5  5  0        4  3  1      432230807294713152    11.0    9.0
 11 2507.699475 3.793E-29 5.438E-02.08530.391 3482.48020.690.006670          0 1 1          0 2 0  6  3  4        5  1  5      434233807294713152    13.0   11.0
 11 2507.794123 6.493E-30 1.312E-01.01490.235 4431.63590.07-.003030          0 1 0          0 0 0 15 13  2       14 12  3      372230807260713049    93.0   87.0
 11 2507.794124 2.164E-30 1.312E-01.01490.235 4431.63590.07-.003030          0 1 0          0 0 0 15 13  3       14 12  2      372230807260713049    31.0   29.0
 11 2507.990485 1.273E-26 1.536E-02.06720.391 2251.86250.65-.017500          0 0 1          0 1 0  6  6  0        5  4  1      564426807294713152    39.0   33.0
 11 2508.157226 4.245E-27 1.536E-02.06610.391 2251.69530.64-.017650          0 0 1          0 1 0  6  6  1        5  4  2      434426807294713152    13.0   11.0
 11 2508.290263 1.790E-30 7.244E-02.07170.315 4268.24080.62-.005650          1 1 0          0 2 0 10  3  7        9  2  8      432230807294713152    21.0   19.0
 11 2508.430615 2.512E-29 2.487E-02.07710.412 3597.86610.68-.008100          0 1 1          0 2 0  5  5  1        4  3  2      434233807294713152    33.0   27.0
 11 2509.295543 1.332E-30 5.830E-02.00810.250 4350.5892-.09-.002450          0 1 0          0 0 0 14 14  0       13 13  1      372230807260713049    29.0   27.0
 11 2509.295543 3.995E-30 5.828E-02.00810.250 4350.5892-.09-.002450          0 1 0          0 0 0 14 14  1       13 13  0      372230807260713049    87.0   81.0
 11 2509.588930 3.524E-27 1.749E-03.04280.265 1960.20740.41-.001030          0 2 0          0 0 0 11  1 11       12  2 10      534223807260713049    23.0   25.0
 11 2509.798330 2.923E-29 7.378E-02.08060.391 3598.51590.670.003830          0 1 1          0 2 0  6  4  3        5  2  4      434233807294713152    13.0   11.0
 11 2509.905554 1.119E-28 9.847E-04.08140.315 2512.37570.69-.000410          0 0 1          0 1 0  9  3  6        9  1  9      534233807294713152    19.0   19.0
 11 2509.955655 2.838E-30 1.148E-03.03380.208 3639.53800.39-.008090          0 2 0          0 0 0 16  2 15       16  5 12      432230807260713049    99.0   99.0
 11 2510.520156 6.540E-26 2.480E-02.07960.371 2042.75340.660.007150          0 0 1          0 1 0  7  3  5        6  1  6      564426305994713152    45.0   39.0
 11 2510.735891 2.526E-30 3.241E-03.04920.221 3624.18120.47-.013110          0 2 0          0 0 0 14  4 10       15  7  9      432230807260713049    29.0   31.0
 11 2510.873201 3.855E-29 5.727E-04.05440.235 2918.24500.58-.015360          1 0 0          0 0 0 13  0 13       14  5 10      434233807360713049    81.0   87.0
 11 2510.896379 3.726E-27 2.134E-04.07840.265 1774.75110.700.012290          0 1 0          0 0 0 13  5  8       12  2 11      577426807287712349    81.0   75.0
 11 2510.945792 2.725E-30 2.487E-04.07090.265 3032.69090.69-.012660          0 0 1          0 0 0 11  3  8       12  9  3      532230807260713049    23.0   25.0
 11 2510.949766 4.180E-26 4.825E-02.07190.371 2271.71230.62-.006560          0 0 1          0 1 0  7  5  3        6  3  4      554426305994713152    45.0   39.0
 11 2511.945300 1.740E-29 2.216E-02.07280.352 3738.60910.620.006620          1 1 0          0 2 0  8  3  6        7  0  7      434233807294713152    51.0   45.0
 11 2512.121965 5.267E-30 1.342E-05.06420.281 2522.26520.62-.006900          0 2 0          0 0 0 11  3  8       11  8  3      432230807260713049    69.0   69.0
 11 2512.245137 3.795E-30 2.471E-04.07790.333 3101.12380.710.003040          0 3 0          0 1 0  7  3  4        8  6  3      432230807294713152    45.0   51.0
 11 2512.403736 7.056E-29 2.735E-01.08670.352 3967.48850.720.005660          0 1 1          0 2 0  8  4  4        7  2  5      434233807294713152    51.0   45.0
 11 2512.536289 1.886E-27 2.495E-02.07760.333 2595.81300.680.011700          1 0 0          0 1 0  9  5  5        8  2  6      534223807294713152    19.0   17.0
 11 2512.591849 6.304E-30 2.869E-03.03670.208 3437.27720.410.013560          0 1 0          0 0 0 16  8  8       16  3 13      372230807260713049    33.0   33.0
 11 2512.964584 1.627E-30 2.427E-03.05470.281 3833.14440.59-.024420          1 0 0          0 1 0 11  9  2       11  6  5      432230807294713152    69.0   69.0
 11 2512.977974 2.860E-27 1.078E-02.06470.333 2337.46330.570.004480          1 0 0          0 1 0  9  3  7        8  0  8      534426807294713152    19.0   17.0
 11 2513.215534 1.827E-27 1.097E-04.05940.281 1525.13600.620.005350          0 1 0          0 0 0 11  7  5       11  2 10      574223807260713049    23.0   23.0
 11 2513.796669 6.282E-30 1.900E-05.07460.333 2495.16590.700.002550          0 2 0          0 1 0  8  7  2        8  2  7      432230807294713152    51.0   51.0
 11 2513.863681 1.086E-28 4.869E-03.05640.298 3072.72640.52-.005790          0 3 0          0 1 0  9  0  9       10  3  8      434233807294713152    57.0   63.0
 11 2514.008848 7.534E-29 1.022E-03.01950.208 2952.39370.13-.001140          0 1 0          0 0 0 17  3 14       16  2 15      474446807260713049   105.0   99.0
 11 2514.074473 1.227E-28 5.174E-04.07540.333 2337.46330.660.006100          0 0 1          0 1 0  8  4  5        8  0  8      534233807294713152    17.0   17.0
 11 2514.168801 2.965E-26 7.668E-02.08390.352 2462.87530.72-.007600          0 0 1          0 1 0  8  5  3        7  3  4      564426307294713152    51.0   45.0
 11 2514.663096 1.238E-26 1.051E-05.07910.352  586.47920.690.003440          0 1 0          0 0 0  8  6  2        7  1  7      574426807260713049    17.0   15.0
 11 2514.791059 1.390E-28 3.702E-04.06790.315 2512.28290.640.006370          0 2 0          0 1 0 10  5  6        9  0  9      434233807294713152    63.0   57.0
 11 2514.907903 6.653E-29 1.683E-01.08610.352 3879.33630.710.004110          0 1 1          0 2 0  8  3  5        7  1  6      434233807294713152    51.0   45.0
 11 2515.075345 7.157E-29 1.827E-04.04830.281 2522.26520.65-.006810          0 1 0          0 0 0 11 11  0       11  8  3      474233807260713049    69.0   69.0
 11 2515.078988 2.385E-29 1.827E-04.04830.281 2522.26160.65-.006810          0 1 0          0 0 0 11 11  1       11  8  4      474233807260713049    23.0   23.0
 11 2515.193281 1.125E-28 8.370E-05.08090.352 2180.64290.690.003590          1 0 0          0 1 0  7  5  2        7  0  7      534233807294713152    45.0   45.0
 11 2515.235718 3.034E-29 6.914E-06.05860.250 2042.31060.660.003830          0 1 0          0 0 0 12  8  5       13  1 12      474233807260713049    75.0   81.0
 11 2515.272916 2.356E-30 1.046E-03.05610.298 3564.70500.62-.019450          1 0 0          0 1 0 10  9  2       10  6  5      432230807294713152    63.0   63.0
 11 2515.279480 4.134E-30 3.359E-04.07260.333 2920.13210.65-.009960          0 3 0          0 1 0  7  2  6        8  5  3      432230807294713152    15.0   17.0
 11 2515.411632 1.676E-30 1.772E-02.05360.221 4283.30750.550.004750          0 0 1          0 0 0 14  6  8       15 10  5      432230807260713049    87.0   93.0
 11 2515.426994 5.287E-29 2.163E-04.04710.250 2426.19650.50-.005910          0 2 0          0 0 0 13  1 13       13  4 10      434233807260713049    27.0   27.0
 11 2515.544580 5.003E-30 2.959E-08.06860.333 1255.16680.620.000000          0 1 0          0 0 0 10  7  4        8  5  4     q5422308079917122 0    63.0   51.0
 11 2515.653143 1.379E-29 2.095E-03.04360.208 3211.05520.500.017400          0 1 0          0 0 0 16  7  9       16  2 14      374233807260713049    33.0   33.0
 11 2515.708601 1.127E-29 1.293E-01.06370.250 4074.03860.590.016850          1 0 0          0 1 0 14  5  9       13  4 10      434233807294713152    29.0   27.0
 11 2515.759100 1.501E-30 1.454E-02.06400.195 4291.90750.66-.018880          1 0 0          0 0 0 16  3 14       17  6 11      432230807360713049    99.0  105.0
 11 2515.972238 1.874E-30 2.814E-04.06070.315 3321.01330.68-.018110          1 0 0          0 1 0  9  9  0        9  6  3      432230807294713152    57.0   57.0
 11 2516.292784 4.381E-27 9.268E-05.07340.281 1327.11760.670.003690          0 1 0          0 0 0 12  4  8       11  1 11      574223807260713049    25.0   23.0
 11 2516.590233 1.195E-26 1.411E-01.07140.315 2818.39810.650.020000          1 0 0          0 1 0 10  5  6        9  2  7      564426307294713152    63.0   57.0
 11 2516.797076 2.081E-29 8.486E-04.01950.208 2952.38690.140.001960          0 1 0          0 0 0 17  4 14       16  1 15      474233807260713049    35.0   33.0
 11 2516.880161 1.193E-29 9.265E-04.05490.298 3224.54660.55-.002160          0 2 0          0 1 0 11  7  4       10  4  7      434233807294713152    69.0   63.0
 11 2517.313523 2.862E-29 6.584E-03.03160.221 3269.53920.30-.012210          0 2 0          0 0 0 14  2 12       15  5 11      434233807260713049    29.0   31.0
 11 2517.620844 1.886E-29 1.515E-03.05930.235 3264.33750.56-.000180          0 2 0          0 0 0 13  4  9       14  7  8      434233807260713049    81.0   87.0
 11 2518.581651 3.656E-29 8.115E-02.08670.371 3600.05230.70-.001670          0 1 1          0 2 0  7  2  5        6  0  6      434233807294713152    15.0   13.0
 11 2518.919328 2.017E-27 6.378E-04.04480.265 2124.95140.440.006790          0 1 0          0 0 0 13  7  6       12  4  9      474426807260713049    81.0   75.0
 11 2518.937170 3.195E-30 8.069E-03.05310.265 3940.51950.51-.017540          0 3 0          0 1 0 11  2  9       12  5  8      432230807294713152    69.0   75.0
 11 2519.043068 8.617E-30 3.414E-03.05160.265 3592.42390.530.016070          0 2 0          0 1 0 13  6  7       12  3 10      434233807294713152    81.0   75.0
 11 2519.513272 1.347E-29 1.127E-02.02400.195 3810.93700.200.008220          0 1 0          0 0 0 18  6 13       17  3 14      474233807260713049   111.0  105.0
 11 2519.722125 4.739E-27 2.978E-02.05940.315 2688.07990.530.014910          1 0 0          0 1 0 10  4  7        9  1  8      534426807294713152    63.0   57.0
 11 2520.210831 5.050E-26 8.824E-04.06050.315 1477.29740.63-.008600          0 1 0          0 0 0 10  8  3        9  5  4      564426805960713049    63.0   57.0
 11 2520.225585 3.037E-28 3.220E-04.05080.281 2321.90570.51-.005810          0 2 0          0 0 0 10  4  7       11  7  4      434223807260713049    63.0   69.0
 11 2520.338809 1.172E-30 2.663E-04.04720.235 3266.51390.52-.017830          0 2 0          0 0 0 14  2 12       14  7  7      432230807260713049    29.0   29.0
 11 2520.396797 5.340E-29 2.179E-07.08630.371 1045.05800.72-.005400          0 2 0          0 0 0  5  1  4        6  6  1      532230807260713049    33.0   39.0
 11 2520.762203 1.450E-30 9.538E-03.06560.235 4184.83110.630.016710          0 0 1          0 1 0 14  5  9       14  3 12      432230807294713152    87.0   87.0
 11 2520.866543 1.752E-29 4.245E-05.07840.298 2471.25510.74-.002720          1 0 0          0 0 0  9  4  5       10  9  2      534233807360713049    57.0   63.0
 11 2521.243177 4.712E-29 6.173E-04.07190.315 2818.39810.660.011450          0 0 1          0 1 0  9  6  4        9  2  7      534233807294713152    57.0   57.0
 11 2521.332668 2.222E-29 6.482E-04.04380.265 2813.52780.57-.007180          0 1 0          0 0 0 12 11  1       12  8  4      474233807260713049    25.0   25.0
 11 2521.348297 6.673E-29 6.489E-04.04380.265 2813.51210.57-.007180          0 1 0          0 0 0 12 11  2       12  8  5      474233807260713049    75.0   75.0
 11 2521.434876 5.484E-30 2.796E-05.06930.265 2437.50190.67-.014220          1 0 0          0 0 0 11  1 11       12  6  6      532230807360713049    23.0   25.0
 11 2521.695674 2.449E-28 7.921E-04.06080.221 2631.26880.650.015150          0 1 0          0 0 0 15  6  9       15  1 14      474233807260713049    93.0   93.0
 11 2522.304495 4.629E-30 9.141E-03.04390.235 3922.33040.47-.006510          0 0 1          0 0 0 13  6  8       14 10  5      432230807260713049    81.0   87.0
 11 2522.419795 1.055E-29 1.206E-03.06410.298 3058.39840.600.014500          0 0 1          0 1 0 10  6  5       10  2  8      534233807294713152    21.0   21.0
 11 2522.527742 1.641E-26 8.522E-04.05650.315 1474.98080.59-.006980          0 1 0          0 0 0 10  8  2        9  5  5      474426807260713049    21.0   19.0
 11 2522.654341 4.936E-29 3.599E-06.06230.250 1806.67000.670.004150          0 1 0          0 0 0 12  7  6       13  0 13      572230807260713049    75.0   81.0
 11 2522.792510 1.167E-30 4.002E-03.04840.221 3824.49830.52-.026060          1 0 0          0 0 0 14  3 11       15  8  8      432230807360713049    29.0   31.0
 11 2522.799171 1.282E-30 3.744E-05.05880.265 2813.52780.59-.011330          0 2 0          0 0 0 12  3  9       12  8  4      432230807260713049    25.0   25.0
 11 2523.023339 1.420E-30 1.027E-01.01550.161 4738.63370.13-.018620          1 0 0          0 0 0 19  0 19       20  3 18      432230807360713049   117.0  123.0
 11 2523.088563 1.051E-30 2.038E-01.01880.208 4919.25220.13-.003360          0 1 0          0 0 0 17 12  5       16 11  6      372230807260713049   105.0   99.0
 11 2523.182051 1.613E-29 2.808E-04.06950.281 2915.87430.63-.010760          1 0 0          0 1 0 11  3  8       11  0 11      534233807294713152    69.0   69.0
 11 2523.329026 1.685E-29 3.484E-07.08190.352 1216.18980.70-.004060          0 2 0          0 0 0  7  1  7        7  6  2      532230807260713049    15.0   15.0
 11 2523.447190 1.137E-29 8.282E-05.04710.298 2471.25530.56-.000300          0 2 0          0 0 0  9  6  4       10  9  1      434233807260713049    19.0   21.0
 11 2523.668071 4.380E-28 1.413E-07.08580.352  586.24350.730.001990          0 1 0          0 0 0  7  7  0        7  0  7      574223807260713049    45.0   45.0
 11 2523.675388 1.554E-29 1.645E-02.03600.208 3822.24630.35-.018300          0 2 0          0 0 0 15  3 12       16  6 11      434233807260713049    93.0   99.0
 11 2523.814109 1.745E-29 8.858E-04.05520.250 2927.07520.510.002670          0 2 0          0 0 0 12  4  8       13  7  7      434233807260713049    25.0   27.0
 11 2523.885302 2.648E-26 1.956E-05.08120.352  782.40980.720.002970          0 1 0          0 0 0  8  7  2        7  2  5      574426307260713049    51.0   45.0
 11 2524.004011 3.086E-30 1.644E-02.03310.183 4201.85790.34-.008350          0 1 0          0 0 0 19  5 14       18  4 15      472230807260713049   117.0  111.0
 11 2524.260577 3.830E-30 1.122E-04.06980.352 2905.43360.65-.003750          0 3 0          0 1 0  6  3  4        7  6  1      432230807294713152    39.0   45.0
 11 2524.841598 9.049E-28 1.985E-06.07670.333 1006.11590.720.000030          0 1 0          0 0 0  8  8  1        8  3  6      574223807260713049    51.0   51.0
 11 2525.076533 1.852E-29 4.502E-05.04740.298 2471.25510.57-.000210          0 2 0          0 0 0  9  6  3       10  9  2      434233807260713049    57.0   63.0
 11 2525.689579 8.286E-28 3.717E-04.05580.281 2144.04630.55-.014560          0 2 0          0 0 0 10  3  8       11  6  5      434223807260713049    63.0   69.0
 11 2525.710711 6.092E-27 1.173E-01.08300.333 2670.78970.71-.005770          0 0 1          0 1 0  9  5  4        8  3  5      534426807294713152    19.0   17.0
 11 2525.923974 5.500E-30 1.570E-02.05380.265 3738.54330.510.003320          0 3 0          0 1 0 11  2 10       12  3  9      432230807294713152    23.0   25.0
 11 2526.534554 1.586E-29 2.371E-04.07770.333 2595.81300.690.006520          0 0 1          0 1 0  8  6  3        8  2  6      534233807294713152    17.0   17.0
 11 2526.882475 1.493E-28 1.943E-04.05350.250 2414.72340.550.001750          0 2 0          0 0 0 13  0 13       13  3 10      434233807260713049    81.0   81.0
 11 2526.898781 3.343E-29 1.393E-03.06010.250 3127.86200.64-.018260          0 2 0          0 0 0 13  3 10       13  8  5      434233807260713049    81.0   81.0
 11 2526.916190 3.159E-30 1.317E-04.04040.250 3127.86200.51-.007730          0 1 0          0 0 0 13 11  2       13  8  5      472230807260713049    81.0   81.0
 11 2526.975383 1.152E-29 1.440E-03.04040.250 3127.80320.51-.007700          0 1 0          0 0 0 13 11  3       13  8  6      374233807260713049    27.0   27.0
 11 2527.347104 1.129E-29 2.618E-03.04980.221 3269.53920.55-.014940          0 0 1          0 0 0 14  1 14       15  5 11      434233807260713049    29.0   31.0
 11 2527.688362 1.568E-30 3.516E-05.04420.298 2701.88850.610.003300          0 2 0          0 0 0  9  7  3       10 10  0      432230807260713049    19.0   21.0
 11 2527.690527 4.705E-30 3.517E-05.04420.298 2701.88850.610.003310          0 2 0          0 0 0  9  7  2       10 10  1      432230807260713049    57.0   63.0
 11 2527.882598 3.015E-30 4.522E-04.07210.250 3391.12620.690.008600          0 2 0          0 1 0 13  5  8       13  0 13      432230807294713152    81.0   81.0
 11 2528.107932 1.138E-27 5.988E-04.09090.412 1817.45120.720.008530          0 0 1          0 1 0  5  4  1        4  0  4      534223807294713152    11.0    9.0
 11 2528.258875 4.991E-30 3.859E-03.02350.195 3567.25450.20-.004510          0 1 0          0 0 0 18  4 14       17  3 15      472230807260713049    37.0   35.0
 11 2528.812180 4.942E-30 1.139E-02.03400.195 4017.90950.340.015880          0 1 0          0 0 0 18  7 12       17  4 13      472230807260713049   111.0  105.0
 11 2528.819329 4.628E-29 5.876E-03.06060.298 3058.39840.540.001160          0 3 0          0 1 0  9  1  9       10  2  8      434233807294713152    19.0   21.0
 11 2528.983361 3.492E-29 5.457E-02.08140.391 3722.73100.71-.006450          0 1 1          0 2 0  6  5  1        5  3  2      434233807294713152    39.0   33.0
 11 2529.131486 1.987E-29 9.377E-05.05970.265 2437.50190.62-.013720          0 2 0          0 0 0 12  1 11       12  6  6      434233807260713049    25.0   25.0
 11 2529.356299 5.487E-29 1.399E-04.05140.298 2254.28440.56-.001040          0 2 0          0 0 0  9  5  5       10  8  2      434233807260713049    19.0   21.0
 11 2529.692902 6.509E-27 2.506E-03.08520.371 2042.75340.700.006390          1 0 0          0 1 0  7  4  3        6  1  6      534426807294713152    45.0   39.0
 11 2529.903270 4.958E-27 3.239E-02.06820.371 2399.16550.64-.015980          0 0 1          0 1 0  7  6  1        6  4  2      534426807294713152    15.0   13.0
 11 2530.378273 1.622E-28 1.379E-04.05240.298 2254.28380.570.001600          0 2 0          0 0 0  9  5  4       10  8  3      434233807260713049    57.0   63.0
 11 2530.680139 1.488E-26 3.230E-02.06500.371 2398.38150.61-.015090          0 0 1          0 1 0  7  6  2        6  4  3      564426807294713152    45.0   39.0
 11 2530.797567 1.520E-29 1.851E-03.05730.281 3314.85570.550.018870          0 0 1          0 1 0 11  6  6       11  2  9      534233807294713152    69.0   69.0
 11 2530.846535 1.264E-30 1.117E-04.07680.352 2905.43070.700.002670          0 3 0          0 1 0  6  3  3        7  6  2      432230807294713152    13.0   15.0
 11 2530.943317 6.472E-30 2.075E-05.07000.281 2321.81210.67-.010280          0 0 1          0 0 0 10  1 10       11  7  5      532230807260713049    21.0   23.0
 11 2531.337766 2.689E-29 1.455E-03.06140.298 2903.14600.580.013630          0 0 1          0 1 0 10  5  6       10  1  9      534233807294713152    21.0   21.0
 11 2531.608910 1.351E-28 5.427E-04.06160.265 2612.79990.580.009610          0 2 0          0 0 0 11  4  7       12  7  6      434233807260713049    69.0   75.0
 11 2531.612563 3.190E-30 7.042E-06.08490.371 2146.26380.720.004000          1 0 0          0 1 0  6  6  0        6  1  5      532230807294713152    13.0   13.0
 11 2531.620457 4.248E-30 2.557E-03.03740.235 3465.06930.45-.008100          0 1 0          0 0 0 14 11  3       14  8  6      372230807260713049    29.0   29.0
 11 2531.801689 1.273E-29 2.552E-03.03720.235 3464.88770.45-.008000          0 1 0          0 0 0 14 11  4       14  8  7      474233807260713049    87.0   87.0
 11 2531.927107 1.156E-26 9.301E-02.08030.333 2490.35410.680.004260          0 0 1          0 1 0  9  3  6        8  1  7      564426307294713152    19.0   17.0
 11 2531.936499 4.496E-30 7.551E-02.06770.333 4062.83810.600.016650          1 1 0          0 2 0  9  4  6        8  1  7      432230807294713152    19.0   17.0
 11 2532.189148 1.162E-29 5.376E-02.07480.391 3719.49280.65-.007820          0 1 1          0 2 0  6  5  2        5  3  3      434233807294713152    13.0   11.0
 11 2532.505278 1.419E-30 1.173E-04.05330.281 3216.19310.66-.002200          0 0 1          0 0 0 10  7  3       11 11  0      532230807260713049    63.0   69.0
 11 2532.629291 6.417E-30 9.440E-04.06900.265 3386.37950.670.012750          0 2 0          0 1 0 13  5  8       12  2 11      432230807294713152    81.0   75.0
 11 2532.677967 1.400E-30 1.483E-05.08020.352 2724.16710.69-.005140          0 3 0          0 1 0  7  0  7        7  5  2      432230807294713152    45.0   45.0
 11 2532.736609 3.528E-29 2.623E-04.06970.250 2756.41530.68-.014830          0 0 1          0 0 0 12  0 12       13  6  7      534233807260713049    75.0   81.0
 11 2532.870681 1.350E-29 3.880E-01.08580.333 4173.22560.720.007340          0 1 1          0 2 0  9  4  5        8  2  6      434233807294713152    19.0   17.0
 11 2532.997838 1.549E-26 6.048E-02.07200.352 2318.53990.620.009520          0 0 1          0 1 0  8  4  5        7  2  6      564426807294713152    17.0   15.0
 11 2533.211735 7.619E-30 6.241E-05.07510.281 2740.42090.70-.008460          0 0 1          0 0 0 10  3  7       11  9  2      532230807260713049    63.0   69.0
 11 2533.245993 1.409E-29 9.723E-05.06780.298 2705.13960.660.003810          0 2 0          0 1 0 10  6  5       10  1 10      434233807294713152    63.0   63.0
 11 2533.411260 1.613E-30 9.640E-03.05190.235 3922.33040.540.002530          0 0 1          0 0 0 13  6  7       14 10  4      432230807260713049    27.0   29.0
 11 2534.550157 1.902E-27 1.308E-03.07760.371 2161.28610.670.003750          1 0 0          0 1 0  7  5  2        6  2  5      534223807294713152    45.0   39.0
 11 2534.627945 1.620E-27 2.692E-02.06520.298 2904.42840.59-.015080          1 0 0          0 1 0 11  3  8       10  2  9      534426807294713152    69.0   63.0
 11 2534.995012 6.835E-30 3.315E-04.07340.281 2915.89430.670.004310          0 2 0          0 1 0 12  4  8       11  1 11      432230807294713152    25.0   23.0
 11 2535.017563 3.982E-27 4.923E-05.08240.315 1360.23530.71-.005650          0 2 0          0 0 0  8  1  8        9  4  5      534223807260713049    51.0   57.0
 11 2535.180962 1.077E-29 1.001E-02.05050.281 3487.39930.47-.011970          0 3 0          0 1 0 10  1  9       11  4  8      434233807294713152    21.0   23.0
 11 2535.196512 3.638E-30 3.938E-03.03460.221 3824.99790.40-.008500          0 1 0          0 0 0 15 11  4       15  8  7      472230807260713049    93.0   93.0
 11 2535.646441 1.019E-28 1.800E-05.07390.298 1724.70540.68-.007530          0 2 0          0 0 0 10  0 10       10  5  5      534233807260713049    21.0   21.0
 11 2535.695968 1.216E-30 3.941E-03.03430.221 3824.49830.40-.008150          0 1 0          0 0 0 15 11  5       15  8  8      472230807260713049    31.0   31.0
 11 2535.976756 1.507E-26 1.252E-04.06380.298 1114.53230.620.007330          0 1 0          0 0 0 11  5  7       10  0 10      574426807260713049    23.0   21.0
 11 2536.088740 9.212E-27 6.505E-02.06820.352 2439.95450.60-.004210          0 0 1          0 1 0  8  5  4        7  3  5      534426807294713152    17.0   15.0
 11 2536.185164 6.982E-28 1.152E-05.07080.315 1216.23130.690.000910          0 1 0          0 0 0  9  8  2        9  3  7      574223807260713049    19.0   19.0
 11 2536.221687 1.048E-29 5.761E-08.07340.352 1216.19450.650.000000          0 1 0          0 0 0  9  8  1        7  6  1     q5422308079917122 0    57.0   45.0
 11 2536.224528 1.711E-28 6.621E-05.08370.371 2042.75340.720.003570          0 2 0          0 1 0  7  6  1        6  1  6      534233807294713152    45.0   39.0
 11 2536.226656 3.494E-30 5.762E-08.07340.352 1216.18980.650.000000          0 1 0          0 0 0  9  8  2        7  6  2     q5322308079917122 0    19.0   15.0
 11 2536.469060 3.054E-29 6.474E-05.08210.352 2392.59260.710.002540          0 0 1          0 1 0  7  6  2        7  2  5      534233807294713152    45.0   45.0
 11 2536.864760 7.654E-27 9.185E-02.08340.315 2818.39810.720.009460          0 0 1          0 1 0 10  4  6        9  2  7      534426807294713152    63.0   57.0
 11 2536.935137 3.415E-28 5.566E-04.05440.250 2248.06450.560.018820          0 1 0          0 0 0 14  6  8       13  3 11      474223807260713049    29.0   27.0
 11 2536.951139 2.915E-30 3.818E-03.04670.221 3624.18120.51-.024670          1 0 0          0 0 0 14  2 12       15  7  9      432230807360713049    29.0   31.0
 11 2537.045604 3.020E-29 4.281E-05.07920.352 2309.73020.690.004020          1 0 0          0 1 0  7  6  1        7  1  6      534233807294713152    45.0   45.0
 11 2537.304947 5.384E-29 5.050E-04.06160.352 2724.16710.67-.006090          0 2 0          0 1 0  8  8  1        7  5  2      434233807294713152    51.0   45.0
 11 2537.427337 9.570E-27 1.748E-01.08030.315 2904.67050.690.002620          0 0 1          0 1 0 10  5  5        9  3  6      534426807294713152    63.0   57.0
 11 2537.430604 1.798E-29 5.057E-04.06100.352 2724.04150.67-.006020          0 2 0          0 1 0  8  8  0        7  5  3      434233807294713152    17.0   15.0
 11 2538.983208 2.746E-30 5.881E-05.06900.315 2690.59370.670.003100          0 2 0          0 1 0  9  7  3        9  2  8      432230807294713152    19.0   19.0
 11 2539.233893 1.706E-26 3.384E-04.05850.298 1293.01810.580.009420          0 1 0          0 0 0 11  6  6       10  1  9      574426307260713049    23.0   21.0
 11 2539.463213 2.169E-30 4.398E-02.03840.208 4427.12060.40-.017070          0 0 1          0 0 0 15  5 11       16  9  8      432230807260713049    93.0   99.0
 11 2540.166906 6.261E-30 1.465E-03.02570.183 3319.44860.330.000630          0 1 0          0 0 0 18  3 15       18  0 18      472230807260713049    37.0   37.0
 11 2540.405685 3.733E-28 4.218E-06.08250.352 1059.64670.69-.005730          0 2 0          0 0 0  6  0  6        7  5  3      534223807260713049    13.0   15.0
 11 2540.429680 7.967E-30 9.682E-05.06020.265 2613.10480.62-.016400          1 0 0          0 0 0 11  2 10       12  7  5      432230807360713049    23.0   25.0
 11 2540.436935 1.033E-27 4.656E-03.03660.250 2426.19650.35-.008520          0 2 0          0 0 0 12  1 11       13  4 10      434223807260713049    25.0   27.0
 11 2541.107226 7.678E-30 1.998E-03.01860.195 3567.17340.100.003240          0 1 0          0 0 0 18  5 14       17  2 15      472230807260713049   111.0  105.0
 11 2541.268845 7.936E-27 1.286E-03.06260.298 1724.70540.65-.010810          0 1 0          0 0 0 11  8  4       10  5  5      574426307260713049    23.0   21.0
 11 2541.597756 2.534E-30 5.228E-03.06180.281 3650.50900.58-.017440          0 3 0          0 1 0 10  2  8       11  5  7      432230807294713152    21.0   23.0
 11 2541.692114 6.966E-29 1.017E-01.07690.371 3736.17080.650.006160          0 1 1          0 2 0  7  4  4        6  2  5      434233807294713152    45.0   39.0
 11 2541.790193 1.892E-29 1.478E-03.02620.183 3319.44850.350.002350          0 1 0          0 0 0 18  4 15       18  1 18      474233807260713049   111.0  111.0
 11 2542.219401 7.974E-30 1.993E-02.07120.333 3895.25290.61-.011580          1 1 0          0 2 0  9  2  7        8  1  8      432230807294713152    57.0   51.0
 11 2542.465504 3.892E-30 3.505E-03.03410.195 3810.93700.390.014600          0 1 0          0 0 0 17  8  9       17  3 14      472230807260713049   105.0  105.0
 11 2542.561150 1.040E-28 3.365E-04.06610.281 2321.81210.640.011030          0 2 0          0 0 0 10  4  6       11  7  5      434233807260713049    21.0   23.0
 11 2543.133033 7.783E-28 8.256E-02.06130.298 3058.39840.560.020000          1 0 0          0 1 0 11  5  7       10  2  8      434223807294713152    23.0   21.0
 11 2543.365391 1.282E-27 1.787E-02.05490.371 2552.87980.59-.023890          0 0 1          0 1 0  7  7  0        6  5  1      434223807294713152    15.0   13.0
 11 2543.387818 3.846E-27 1.787E-02.05460.371 2552.85730.58-.023800          0 0 1          0 1 0  7  7  1        6  5  2      534426807294713152    45.0   39.0
 11 2543.535412 1.097E-27 2.155E-04.07070.298 1724.70540.67-.012720          0 2 0          0 0 0  9  2  8       10  5  5      434223807260713049    19.0   21.0
 11 2543.713180 1.435E-26 7.660E-05.07650.333  982.91170.700.004750          0 1 0          0 0 0  9  7  3        8  2  6      564426307360713049    19.0   17.0
 11 2543.803004 1.638E-29 5.516E-05.02080.208 2660.94570.240.001950          0 1 0          0 0 0 17  2 15       16  1 16      476233807287712349   105.0   99.0
 11 2544.041227 5.678E-30 5.738E-05.02060.208 2660.94620.340.001980          0 1 0          0 0 0 17  3 15       16  0 16      476436807287712349    35.0   33.0
 11 2544.064296 4.561E-30 1.184E-05.05500.235 2327.88380.640.004750          0 1 0          0 0 0 13  8  6       14  1 13      472230807260713049    27.0   29.0
 11 2544.419307 4.100E-26 2.754E-02.08080.352 2180.64290.67-.007380          0 0 1          0 1 0  8  2  6        7  0  7      554426305994713152    51.0   45.0
 11 2544.799015 1.856E-30 1.459E-03.04980.281 3487.39930.490.002050          0 2 0          0 1 0 12  7  5       11  4  8      432230807294713152    25.0   23.0
 11 2545.290896 1.599E-30 3.638E-04.06920.281 3441.03960.640.001400          0 3 0          0 1 0 11  0 11       11  3  8      432230807294713152    69.0   69.0
 11 2545.831579 1.203E-28 8.358E-03.04550.221 3244.60070.470.004470          0 2 0          0 0 0 14  3 12       15  4 11      434233807260713049    87.0   93.0
 11 2545.868637 6.194E-30 5.516E-06.08980.391 1922.82910.720.004130          0 0 1          0 1 0  5  5  0        5  1  5      532230807294713152    11.0   11.0
 11 2546.107301 1.847E-30 2.367E-03.05210.265 3587.66670.510.019940          0 0 1          0 1 0 12  6  7       12  2 10      432230807294713152    25.0   25.0
 11 2546.128664 2.018E-28 1.972E-04.05510.298 2054.36870.55-.003850          0 2 0          0 0 0  9  4  6       10  7  3      434233807260713049    19.0   21.0
 11 2547.166981 2.057E-29 3.306E-03.07000.265 3386.37950.650.002100          0 0 1          0 1 0 12  4  8       12  2 11      534233807294713152    75.0   75.0
 11 2547.257564 2.550E-26 1.344E-03.05380.298 1718.71880.56-.007360          0 1 0          0 0 0 11  8  3       10  5  6      554426305960713049    69.0   63.0
 11 2547.381856 2.705E-28 1.867E-04.08150.391 2130.49430.72-.006360          1 0 0          0 1 0  6  6  1        5  3  2      534223807294713152    39.0   33.0
 11 2547.745702 1.067E-29 9.169E-02.08340.371 3873.79370.72-.007760          0 1 1          0 2 0  7  5  2        6  3  3      434233807294713152    15.0   13.0
 11 2548.294674 1.858E-29 7.111E-04.06500.235 2880.83420.63-.005020          1 0 0          0 0 0 13  1 13       14  4 10      434233807360713049    27.0   29.0
 11 2548.661900 3.366E-30 1.033E-05.08630.371 2211.19070.73-.000330          0 0 1          0 1 0  6  6  1        6  2  4      432230807294713152    13.0   13.0
 11 2548.729169 3.265E-30 1.833E-02.04560.195 4174.28720.460.005070          0 2 0          0 0 0 16  4 13       17  5 12      432230807260713049    99.0  105.0
 11 2549.064497 9.850E-30 1.581E-04.04700.250 2927.94120.51-.015120          0 2 0          0 0 0 13  2 11       13  7  6      432230807260713049    81.0   81.0
 11 2549.159000 4.084E-30 2.177E-04.05850.281 2915.89430.560.004120          1 0 0          0 1 0 11  4  8       11  1 11      432230807294713152    23.0   23.0
 11 2549.287978 1.460E-29 1.331E-04.07360.333 2490.35410.660.004950          1 0 0          0 1 0  8  6  2        8  1  7      534233807294713152    17.0   17.0
 11 2549.335676 3.090E-29 2.591E-05.05000.315 2225.46920.630.003280          0 2 0          0 0 0  8  6  3        9  9  0      434233807260713049    51.0   57.0
 11 2549.461438 3.171E-29 1.876E-04.08430.352 2572.13920.70-.006510          0 3 0          0 1 0  6  1  6        7  4  3      434233807294713152    39.0   45.0
 11 2549.619146 9.802E-30 2.466E-05.05010.315 2225.46910.630.003370          0 2 0          0 0 0  8  6  2        9  9  1      432230807260713049    17.0   19.0
 11 2550.007678 1.014E-29 5.567E-03.04290.221 3443.19190.43-.019780          0 2 0          0 0 0 14  3 11       15  6 10      434233807260713049    29.0   31.0
 11 2550.253595 1.149E-26 5.200E-02.07200.352 2572.13920.67-.017110          0 0 1          0 1 0  8  6  2        7  4  3      564426807294713152    51.0   45.0
 11 2550.277651 7.219E-30 3.644E-07.07060.281 1690.66440.710.002530          0 1 0          0 0 0 10  9  2       11  2  9      472230807260713049    63.0   69.0
 11 2550.305648 1.700E-30 1.094E-05.06360.315 2688.07990.620.006900          0 2 0          0 1 0 10  6  5        9  1  8      432230807294713152    63.0   57.0
 11 2550.399371 3.796E-30 4.780E-03.04740.250 3583.37460.52-.003720          0 0 1          0 0 0 12  6  7       13 10  4      432230807260713049    25.0   27.0
 11 2550.694640 2.949E-30 1.512E-06.06440.265 1960.20740.690.003100          0 1 0          0 0 0 11  9  3       12  2 10      472230807260713049    23.0   25.0
 11 2551.026004 1.448E-30 1.078E-05.07950.298 2471.25530.73-.005170          0 0 1          0 0 0  9  3  6       10  9  1      532230807260713049    19.0   21.0
 11 2551.070220 9.062E-30 2.933E-02.06720.391 3868.98700.65-.017500          0 1 1          0 2 0  6  6  0        5  4  1      432230807294713152    39.0   33.0
 11 2551.183496 3.021E-30 2.932E-02.06610.391 3868.87290.64-.017650          0 1 1          0 2 0  6  6  1        5  4  2      432230807294713152    13.0   11.0
 11 2551.379961 2.430E-27 3.740E-05.06490.298 1446.12830.660.001810          0 1 0          0 0 0 10  8  3       10  3  8      574426807260713049    63.0   63.0
 11 2551.468570 9.390E-29 1.912E-04.07860.391 2126.40770.70-.005770          1 0 0          0 1 0  6  6  0        5  3  3      534233807294713152    13.0   11.0
 11 2551.940722 3.163E-29 1.374E-04.07760.333 2337.46330.680.004170          1 0 0          0 1 0  8  5  3        8  0  8      534233807294713152    17.0   17.0
 11 2552.273028 1.366E-27 2.418E-01.08160.298 3162.25890.710.013220          0 0 1          0 1 0 11  5  6       10  3  7      534223807294713152    23.0   21.0
 11 2552.297143 1.625E-29 2.017E-04.07580.352 2724.16710.67-.008090          0 3 0          0 1 0  6  2  5        7  5  2      434233807294713152    39.0   45.0
 11 2552.341729 4.914E-29 3.431E-03.05840.221 3244.60070.60-.004610          0 0 1          0 0 0 14  0 14       15  4 11      434233807260713049    87.0   93.0
 11 2552.600245 2.204E-30 3.391E-05.07670.371 2733.96270.710.001840          0 3 0          0 1 0  5  3  2        6  6  1      432230807294713152    33.0   39.0
 11 2552.767301 3.684E-27 5.285E-03.04430.250 2414.72340.430.002610          0 2 0          0 0 0 12  2 11       13  3 10      434223807260713049    75.0   81.0
 11 2552.819056 5.836E-30 2.246E-06.06660.281 2144.04630.66-.007460          0 2 0          0 0 0 12  1 12       11  6  5      532230807260713049    75.0   69.0
 11 2552.839484 3.832E-27 5.147E-02.06420.352 2569.50800.59-.014840          0 0 1          0 1 0  8  6  3        7  4  4      534426807294713152    17.0   15.0
 11 2553.494987 3.314E-30 2.901E-04.06460.298 3224.54660.61-.007480          0 3 0          0 1 0 10  1 10       10  4  7      432230807294713152    63.0   63.0
 11 2554.000862 1.000E-29 2.883E-05.06290.281 2522.26520.63-.011060          1 0 0          0 0 0 10  3  8       11  8  3      532230807360713049    63.0   69.0
 11 2554.229662 2.173E-28 6.412E-05.05310.315 2009.80510.58-.000240          0 2 0          0 0 0  8  5  4        9  8  1      434233807260713049    51.0   57.0
 11 2554.561586 7.196E-29 6.372E-05.05370.315 2009.80500.590.000720          0 2 0          0 0 0  8  5  3        9  8  2      434233807260713049    17.0   19.0
 11 2554.573262 2.599E-27 1.664E-04.05530.265 1774.75110.600.006650          0 1 0          0 0 0 12  7  6       12  2 11      574426807260713049    75.0   75.0
 11 2554.643550 7.765E-29 5.963E-02.07960.371 3601.85890.660.007150          0 1 1          0 2 0  7  3  5        6  1  6      434233807294713152    45.0   39.0
 11 2554.793791 1.622E-28 4.927E-04.07040.315 2512.28290.630.006630          0 0 1          0 1 0  9  4  6        9  0  9      534233807294713152    57.0   57.0
 11 2555.272854 3.308E-28 1.300E-03.04120.250 2426.19650.410.010640          0 1 0          0 0 0 14  7  7       13  4 10      474223807260713049    29.0   27.0
 11 2555.470586 4.033E-29 1.857E-03.05530.250 3127.86200.59-.018640          0 0 1          0 0 0 12  2 10       13  8  5      534233807260713049    75.0   81.0
 11 2555.514616 1.160E-29 4.889E-03.05200.250 3583.37470.560.000620          0 0 1          0 0 0 12  6  6       13 10  3      534233807260713049    75.0   81.0
 11 2556.136535 1.482E-30 3.400E-04.06900.281 3441.03960.680.005560          0 2 0          0 1 0 11  8  3       11  3  8      432230807294713152    69.0   69.0
 11 2556.258054 1.108E-28 4.521E-02.06440.265 3592.42390.60-.010000          1 0 0          0 1 0 13  4  9       12  3 10      434233807294713152    81.0   75.0
 11 2556.393714 3.175E-29 8.771E-02.07190.371 3864.96610.62-.006560          0 1 1          0 2 0  7  5  3        6  3  4      434233807294713152    45.0   39.0
 11 2556.712616 1.082E-27 8.939E-03.06140.315 2512.37570.55-.012440          1 0 0          0 1 0 10  2  8        9  1  9      534223807294713152    21.0   19.0
 11 2556.800914 1.659E-29 5.896E-08.08730.371 1045.05800.72-.003870          0 2 0          0 0 0  6  1  6        6  6  1      532230807260713049    39.0   39.0
 11 2556.935186 6.915E-30 4.402E-06.05880.250 2246.88480.660.003710          0 1 0          0 0 0 12  9  4       13  2 11      472230807260713049    75.0   81.0
 11 2557.000225 7.365E-27 2.074E-06.08210.371  552.91140.720.001700          0 1 0          0 0 0  7  7  0        6  2  5      574426807260713049    45.0   39.0
 11 2557.449543 6.029E-28 1.982E-04.06580.298 2054.34520.640.008890          0 2 0          0 0 0  9  4  5       10  7  4      434223807260713049    57.0   63.0
 11 2557.947155 3.192E-30 7.093E-04.03790.221 3269.53920.42-.009170          0 2 0          0 0 0 15  2 14       15  5 11      432230807260713049    31.0   31.0
 11 2558.551026 8.977E-27 1.715E-03.06570.281 1998.99530.67-.011660          0 1 0          0 0 0 12  8  5       11  5  6      474426307260713049    75.0   69.0
 11 2558.760723 4.519E-28 6.972E-03.03560.235 2918.24500.34-.012500          0 2 0          0 0 0 13  2 11       14  5 10      434223807260713049    81.0   87.0
 11 2559.307078 1.427E-29 3.001E-03.06960.298 3383.26540.64-.014970          0 3 0          0 1 0  9  2  7       10  5  6      434233807294713152    57.0   63.0
 11 2559.883086 1.749E-29 4.652E-01.08340.315 4399.54210.720.009460          0 1 1          0 2 0 10  4  6        9  2  7      434233807294713152    63.0   57.0
 11 2559.977087 1.321E-26 2.701E-02.07280.352 2181.08990.620.006460          0 0 1          0 1 0  8  3  6        7  1  7      564426307294713152    17.0   15.0
 11 2561.478692 6.581E-28 2.728E-04.05850.298 1875.46180.56-.011310          0 2 0          0 0 0  9  3  7       10  6  4      534223807260713049    19.0   21.0
 11 2561.715109 1.218E-29 2.094E-01.08030.333 4062.83810.680.004260          0 1 1          0 2 0  9  3  6        8  1  7      434233807294713152    19.0   17.0
 11 2561.907267 5.063E-28 2.562E-02.05110.298 2903.14600.470.010340          1 0 0          0 1 0 11  4  8       10  1  9      434223807294713152    23.0   21.0
 11 2562.231791 3.806E-28 7.215E-07.08030.333  744.06370.710.002210          0 1 0          0 0 0  8  7  1        8  0  8      574223807260713049    17.0   17.0
 11 2562.724594 2.879E-29 1.506E-03.05660.281 3135.76490.550.013780          0 0 1          0 1 0 11  5  7       11  1 10      534233807294713152    69.0   69.0
 11 2563.131987 2.308E-29 1.410E-01.08390.352 4052.83700.72-.007600          0 1 1          0 2 0  8  5  3        7  3  4      434233807294713152    51.0   45.0
 11 2563.191421 2.471E-29 1.646E-03.05960.333 2920.13210.63-.006330          0 2 0          0 1 0  9  8  2        8  5  3      434233807294713152    19.0   17.0
 11 2563.264932 1.553E-26 8.424E-02.06380.333 2630.19260.560.001300          0 0 1          0 1 0  9  5  5        8  3  6      564426307294713152    57.0   51.0
 11 2563.452013 2.091E-29 1.825E-05.07120.298 2254.28380.68-.008880          0 0 1          0 0 0  9  2  8       10  8  3      534233807260713049    57.0   63.0
 11 2563.574775 2.337E-30 1.778E-02.06470.333 3894.79900.570.004480          1 1 0          0 2 0  9  3  7        8  0  8      432230807294713152    19.0   17.0
 11 2563.690457 7.461E-29 1.653E-03.05800.333 2919.63300.62-.005830          0 2 0          0 1 0  9  8  1        8  5  4      434233807294713152    57.0   51.0
 11 2563.970683 1.161E-29 2.564E-03.05520.235 3464.88770.57-.024400          1 0 0          0 0 0 13  3 10       14  8  7      434233807360713049    81.0   87.0
 11 2563.983153 3.152E-27 8.726E-03.05670.315 2512.28290.510.000630          1 0 0          0 1 0 10  3  8        9  0  9      534426807294713152    63.0   57.0
 11 2564.183940 1.491E-28 5.677E-04.08230.371 2282.58960.73-.007540          1 0 0          0 1 0  7  6  2        6  3  3      534233807294713152    15.0   13.0
 11 2564.335165 4.915E-30 8.738E-02.05860.235 4396.05140.550.000360          1 0 0          0 1 0 15  5 10       14  4 11      432230807294713152    93.0   87.0
 11 2564.452792 2.077E-29 1.124E-05.09220.412 1817.45120.730.007440          1 0 0          0 1 0  5  5  1        4  0  4      532230807294713152    11.0    9.0
 11 2564.834999 1.882E-28 1.342E-04.07080.235 2073.51550.690.006610          0 1 0          0 0 0 14  5  9       14  0 14      474233807260713049    29.0   29.0
 11 2565.283191 1.279E-26 2.002E-03.04880.281 1695.06860.46-.005070          0 2 0          0 0 0 10  0 10       11  3  9      564426807260713049    21.0   23.0
 11 2565.437556 2.811E-27 6.324E-05.06100.265 1557.84770.630.006620          0 1 0          0 0 0 12  6  7       12  1 12      574426807260713049    75.0   75.0
 11 2565.750257 2.469E-30 3.336E-05.05160.235 2918.24500.57-.007820          0 2 0          0 0 0 15  0 15       14  5 10      432230807260713049    93.0   87.0
 11 2565.791782 3.829E-27 3.673E-02.05480.352 2724.16710.55-.019040          0 0 1          0 1 0  8  7  1        7  5  2      534426807294713152    51.0   45.0
 11 2565.916364 1.276E-27 3.670E-02.05400.352 2724.04150.54-.018820          0 0 1          0 1 0  8  7  2        7  5  3      434223807294713152    17.0   15.0
 11 2566.871107 1.293E-30 1.099E-06.08340.315 2225.46920.75-.003440          0 0 1          0 0 0  8  3  5        9  9  0      532230807260713049    51.0   57.0
 11 2567.336361 1.331E-30 4.884E-02.06520.298 4483.22790.59-.015080          1 1 0          0 2 0 11  3  8       10  2  9      432230807294713152    69.0   63.0
 11 2567.546258 1.632E-30 2.680E-03.04750.250 3877.08870.480.019280          0 0 1          0 1 0 13  6  8       13  2 11      432230807294713152    81.0   81.0
 11 2567.724670 7.856E-30 2.207E-03.04600.195 3567.17340.530.019020          0 1 0          0 0 0 17  7 10       17  2 15      472230807260713049   105.0  105.0
 11 2568.153023 2.316E-27 7.526E-02.07580.333 2771.69020.70-.016370          0 0 1          0 1 0  9  6  3        8  4  4      534223807294713152    19.0   17.0
 11 2568.368667 3.957E-29 2.855E-04.06780.315 2688.07990.630.006320          1 0 0          0 1 0  9  6  3        9  1  8      534233807294713152    57.0   57.0
 11 2568.491789 1.288E-30 1.007E-05.05410.235 2550.88250.640.004400          0 1 0          0 0 0 13  9  5       14  2 12      472230807260713049    27.0   29.0
 11 2568.493080 1.119E-28 7.938E-04.07620.298 2705.13960.66-.004810          0 0 1          0 1 0 10  3  7       10  1 10      534233807294713152    63.0   63.0
 11 2568.789831 4.200E-26 1.999E-04.07030.315 1201.92150.670.007080          0 1 0          0 0 0 10  7  4        9  2  7      554426305960713049    63.0   57.0
 11 2568.990067 6.424E-30 7.344E-05.05240.265 2613.10480.55-.014710          0 2 0          0 0 0 12  2 10       12  7  5      432230807260713049    25.0   25.0
 11 2569.348780 4.041E-30 5.580E-02.05940.315 4263.15040.530.014910          1 1 0          0 2 0 10  4  7        9  1  8      432230807294713152    63.0   57.0
 11 2569.373988 7.099E-30 1.328E-04.06400.298 2904.42840.650.003670          0 2 0          0 1 0 10  7  4       10  2  9      432230807294713152    63.0   63.0
 11 2569.802506 4.470E-26 2.291E-03.05120.281 1690.66440.480.000120          0 2 0          0 0 0 10  1 10       11  2  9      554426305960713049    63.0   69.0
 11 2569.864725 6.580E-30 5.060E-06.05930.235 2073.51550.660.005310          0 1 0          0 0 0 13  7  7       14  0 14      472230807260713049    27.0   29.0
 11 2569.925029 1.495E-30 5.229E-05.05980.235 3084.83570.61-.023750          0 2 0          0 0 0 13  3 10       14  6  9      432230807260713049    81.0   87.0
 11 2569.942438 1.874E-28 6.554E-03.05650.235 3084.83570.65-.005770          0 1 0          0 0 0 13 11  2       14  6  9      474233807260713049    81.0   87.0
 11 2570.321638 8.940E-28 2.077E-02.04460.352 2905.43360.52-.027020          0 0 1          0 1 0  8  8  0        7  6  1      534223807294713152    51.0   45.0
 11 2570.324482 2.980E-28 2.077E-02.04450.352 2905.43070.52-.026980          0 0 1          0 1 0  8  8  1        7  6  2      534223807294713152    17.0   15.0
 11 2570.603204 4.344E-27 1.101E-03.08740.391 1920.76660.710.007010          0 0 1          0 1 0  6  4  2        5  0  5      534426807294713152    39.0   33.0
 11 2570.694281 1.412E-30 6.576E-03.05340.250 3879.72080.550.018020          0 2 0          0 1 0 14  6  8       13  3 11      432230807294713152    29.0   27.0
 11 2570.772539 1.299E-28 5.511E-05.06010.281 2144.04630.61-.012330          0 2 0          0 0 0 11  1 10       11  6  5      434233807260713049    69.0   69.0
 11 2570.819829 3.877E-29 1.779E-05.08490.371 2042.75340.700.003860          0 0 1          0 1 0  6  5  1        6  1  6      534233807294713152    39.0   39.0
 11 2570.864087 5.311E-28 2.136E-03.07370.352 2318.53990.640.006410          1 0 0          0 1 0  8  5  3        7  2  6      534223807294713152    17.0   15.0
 11 2570.905595 6.165E-28 8.850E-05.05930.281 1695.06860.630.003140          0 1 0          0 0 0 11  8  4       11  3  9      574223807260713049    23.0   23.0
 11 2571.147475 9.508E-28 1.079E-04.05840.315 1810.58790.59-.002470          0 2 0          0 0 0  8  4  5        9  7  2      534223807260713049    51.0   57.0
 11 2571.263084 8.477E-28 1.969E-03.06770.265 2300.68500.68-.011440          0 1 0          0 0 0 13  8  6       12  5  7      474426807260713049    27.0   25.0
 11 2571.571702 1.133E-28 5.791E-03.06440.315 2841.43080.57-.006720          0 3 0          0 1 0  8  0  8        9  3  7      434233807294713152    17.0   19.0
 11 2571.770098 3.978E-27 2.160E-03.05010.281 1985.78490.52-.006100          0 1 0          0 0 0 12  8  4       11  5  7      474426807260713049    25.0   23.0
 11 2571.910834 2.362E-26 6.691E-02.06590.333 2495.16590.580.011520          0 0 1          0 1 0  9  4  6        8  2  7      564426307294713152    57.0   51.0
 11 2571.913924 3.486E-28 1.241E-04.05280.265 2124.95140.53-.006510          0 2 0          0 0 0 12  1 12       12  4  9      534223807260713049    75.0   75.0
 11 2572.326230 2.097E-30 4.873E-04.06730.281 3441.03960.630.012390          0 0 1          0 1 0 11  7  5       11  3  8      532230807294713152    69.0   69.0
 11 2572.408261 1.360E-27 2.908E-01.08280.281 3441.03960.740.015790          0 0 1          0 1 0 12  5  7       11  3  8      534223807294713152    75.0   69.0
 11 2572.496270 1.962E-29 1.302E-03.05260.221 3244.60070.560.013080          0 1 0          0 0 0 15  9  6       15  4 11      474233807260713049    93.0   93.0
 11 2572.674306 8.930E-30 1.525E-07.08210.352 1394.81420.73-.002780          0 2 0          0 0 0  7  2  5        7  7  0      532230807260713049    45.0   45.0
 11 2572.909881 4.970E-28 5.756E-02.05300.281 3314.85570.490.020000          1 0 0          0 1 0 12  5  8       11  2  9      434223807294713152    75.0   69.0
 11 2572.915397 7.886E-29 1.393E-03.05740.250 2927.94120.60-.018330          0 0 1          0 0 0 12  1 11       13  7  6      534233807260713049    75.0   81.0
 11 2573.232505 1.248E-30 1.432E-05.06580.265 2613.10480.67-.012030          1 0 0          0 0 0 12  0 12       12  7  5      432230807360713049    25.0   25.0
 11 2573.400913 7.108E-30 1.549E-03.07360.315 3139.47590.65-.010730          0 3 0          0 1 0  8  2  6        9  5  5      432230807294713152    17.0   19.0
 11 2573.440807 1.355E-27 1.472E-01.07780.298 3058.39840.680.014610          0 0 1          0 1 0 11  4  7       10  2  8      534223807294713152    23.0   21.0
 11 2573.665820 1.050E-29 2.825E-02.04370.208 4006.07430.49-.023720          0 0 1          0 0 0 15  3 13       16  7 10      434233807260713049    93.0   99.0
 11 2573.920479 3.544E-30 6.206E-02.06820.371 4016.05290.64-.015980          0 1 1          0 2 0  7  6  1        6  4  2      432230807294713152    15.0   13.0
 11 2574.453600 1.064E-29 6.197E-02.06500.371 4015.51510.61-.015090          0 1 1          0 2 0  7  6  2        6  4  3      434233807294713152    45.0   39.0
 11 2574.503619 3.138E-30 3.278E-02.04240.221 4045.28490.44-.013870          0 0 1          0 0 0 14  5 10       15  9  7      432230807260713049    29.0   31.0
 11 2574.859588 1.853E-30 2.193E-03.04460.208 3623.76480.480.014250          0 1 0          0 0 0 16  9  7       16  4 12      372230807260713049    33.0   33.0
 11 2574.943816 6.941E-27 7.306E-02.06170.333 2764.69750.57-.014350          0 0 1          0 1 0  9  6  4        8  4  5      534426807294713152    57.0   51.0
 11 2575.045771 2.320E-30 2.287E-03.04560.265 3770.87890.450.006510          0 2 0          0 1 0 13  7  6       12  4  9      432230807294713152    81.0   75.0
 11 2575.063577 4.936E-28 5.993E-04.07430.371 2271.71230.67-.005490          1 0 0          0 1 0  7  6  1        6  3  4      534223807294713152    45.0   39.0
 11 2575.512679 4.649E-30 2.105E-01.08300.333 4259.87650.71-.005770          0 1 1          0 2 0  9  5  4        8  3  5      432230807294713152    19.0   17.0
 11 2575.729876 2.243E-28 7.667E-05.06400.315 1810.58330.630.005840          0 2 0          0 0 0  8  4  4        9  7  3      534233807260713049    17.0   19.0
 11 2576.408769 1.890E-29 6.884E-04.05960.235 2880.83420.610.009880          0 1 0          0 0 0 14  9  5       14  4 10      374233807260713049    29.0   29.0
 11 2576.752042 4.278E-28 1.162E-03.08260.352 2462.87530.73-.007870          1 0 0          0 1 0  8  6  3        7  3  4      534223807294713152    51.0   45.0
 11 2576.773886 9.515E-29 3.255E-05.07830.315 1810.58330.70-.008040          1 0 0          0 0 0  8  0  8        9  7  3      534233807360713049    17.0   19.0
 11 2576.850619 4.144E-26 2.371E-05.07440.333  744.16270.680.003900          0 1 0          0 0 0  9  6  3        8  1  8      574426307260713049    57.0   51.0
 11 2576.997548 1.476E-29 1.264E-01.07200.352 3894.16780.620.009520          0 1 1          0 2 0  8  4  5        7  2  6      434233807294713152    17.0   15.0
 11 2577.006485 9.407E-29 9.271E-03.05870.298 3224.54660.54-.013170          0 3 0          0 1 0  9  1  8       10  4  7      434233807294713152    57.0   63.0
 11 2577.626461 5.078E-30 1.835E-05.05170.221 2631.26880.620.005870          0 1 0          0 0 0 14  8  7       15  1 14      472230807260713049    87.0   93.0
 11 2577.639397 3.141E-30 1.105E-04.05250.235 3084.83570.56-.020730          1 0 0          0 0 0 13  1 12       14  6  9      432230807360713049    81.0   87.0
 11 2578.653007 1.261E-30 2.628E-05.07880.315 2904.67050.730.000040          0 2 0          0 1 0  9  8  1        9  3  6      432230807294713152    57.0   57.0
 11 2578.888880 2.166E-29 2.168E-03.05090.265 3266.76430.56-.002630          0 0 1          0 0 0 11  6  6       12 10  3      534233807260713049    69.0   75.0
 11 2579.097045 1.308E-30 9.914E-03.07070.250 4174.03850.65-.006520          1 1 0          0 1 0 12  1 12       13  4  9      432230807294713152    75.0   81.0
 11 2579.503208 5.621E-29 1.967E-05.05690.333 1789.04290.650.002710          0 2 0          0 0 0  7  5  3        8  8  0      532230807260713049    15.0   17.0
 11 2579.560877 5.419E-28 1.942E-03.06660.250 2629.33440.66-.010940          0 1 0          0 0 0 14  8  7       13  5  8      474426807260713049    87.0   81.0
 11 2579.594095 1.681E-28 1.961E-05.05720.333 1789.04280.650.003190          0 2 0          0 0 0  7  5  2        8  8  1      534233807260713049    45.0   51.0
 11 2579.802413 2.210E-30 1.959E-04.04380.265 3032.69090.64-.007020          0 1 0          0 0 0 12 12  0       12  9  3      472230807260713049    25.0   25.0
 11 2579.803025 6.630E-30 1.959E-04.04380.265 3032.69030.64-.007020          0 1 0          0 0 0 12 12  1       12  9  4      472230807260713049    75.0   75.0
 11 2580.036773 3.881E-29 4.867E-03.06600.221 3360.60030.65-.011880          1 0 0          0 0 0 14  2 13       15  5 10      434233807360713049    87.0   93.0
 11 2580.107525 5.363E-29 7.205E-02.08080.352 3738.60910.67-.007380          0 1 1          0 2 0  8  2  6        7  0  7      434233807294713152    51.0   45.0
 11 2580.356084 6.469E-30 4.631E-02.04000.208 4206.33190.43-.023360          0 0 1          0 0 0 15  4 12       16  8  9      432230807260713049    93.0   99.0
 11 2580.942338 7.272E-30 2.187E-03.05350.265 3266.76430.59-.000780          0 0 1          0 0 0 11  6  5       12 10  2      432230807260713049    23.0   25.0
 11 2581.492915 2.591E-30 3.961E-04.06200.265 3144.56920.59-.013910          1 0 0          0 1 0 12  3  9       12  0 12      432230807294713152    25.0   25.0
 11 2581.649466 7.457E-30 1.262E-01.06820.352 4033.61460.60-.004210          0 1 1          0 2 0  8  5  4        7  3  5      432230807294713152    17.0   15.0
 11 2581.764276 3.171E-30 1.047E-01.01720.172 4331.08850.15-.018770          1 0 0          0 0 0 18  0 18       19  3 17      432230807360713049    37.0   39.0
 11 2581.785641 9.516E-30 1.048E-01.01720.172 4331.06720.15-.018770          1 0 0          0 0 0 18  1 18       19  2 17      432230807360713049   111.0  117.0
 11 2582.534866 9.789E-30 1.155E-06.07660.333 1590.69070.70-.004560          0 2 0          0 0 0  8  2  6        8  7  1      532230807260713049    17.0   17.0
 11 2582.618359 7.660E-27 3.387E-04.05310.333 1411.64190.63-.007420          0 1 0          0 0 0  9  9  1        8  6  2      574426807260713049    19.0   17.0
 11 2582.648805 1.840E-26 2.712E-04.05300.333 1411.61150.63-.007390          0 1 0          0 0 0  9  9  0        8  6  3      554426305960713049    57.0   51.0
 11 2582.737349 8.669E-30 5.799E-04.05040.221 3244.60070.540.003230          0 2 0          0 0 0 15  1 14       15  4 11      432230807260713049    93.0   93.0
 11 2582.758337 3.487E-27 1.042E-01.07800.315 2998.76640.72-.014740          0 0 1          0 1 0 10  6  4        9  4  5      534426807294713152    63.0   57.0
 11 2583.081748 2.430E-30 3.448E-02.05460.371 4197.33880.58-.023800          0 1 1          0 2 0  7  7  1        6  5  2      432230807294713152    45.0   39.0
 11 2583.607337 1.258E-30 3.200E-03.03740.195 4017.90950.410.014090          0 1 0          0 0 0 17  9  8       17  4 13      472230807260713049   105.0  105.0
 11 2583.747769 3.993E-29 4.062E-05.05800.281 2321.90570.59-.012590          0 2 0          0 0 0 11  2  9       11  7  4      434233807260713049    69.0   69.0
 11 2584.693072 2.849E-29 1.608E-03.06030.235 2983.39630.58-.008240          0 1 0          0 0 0 15  8  8       14  5  9      474233807260713049    31.0   29.0
 11 2584.962969 1.670E-30 1.958E-05.04980.221 2872.27440.610.005220          0 1 0          0 0 0 14  9  6       15  2 13      472230807260713049    87.0   93.0
 11 2585.036833 3.659E-30 8.938E-03.06020.208 3758.39670.60-.007930          0 0 1          0 0 0 15  1 14       16  5 11      432230807260713049    31.0   33.0
 11 2585.308354 4.895E-30 9.612E-05.07910.371 2552.87980.68-.006120          0 3 0          0 1 0  5  2  4        6  5  1      432230807294713152    11.0   13.0
 11 2585.552736 1.275E-26 8.436E-02.07150.315 2688.07990.62-.002990          0 0 1          0 1 0 10  3  7        9  1  8      564426307294713152    63.0   57.0
 11 2585.577240 2.566E-29 7.325E-04.07640.333 2919.63300.66-.005010          0 3 0          0 1 0  7  2  5        8  5  4      434233807294713152    45.0   51.0
 11 2585.582563 1.277E-28 3.104E-04.06450.250 2533.79310.640.004900          0 1 0          0 0 0 13  9  4       13  4  9      474233807260713049    81.0   81.0
 11 2585.591615 1.028E-28 2.073E-03.08150.333 2670.78970.72-.007450          1 0 0          0 1 0  9  6  4        8  3  5      534233807294713152    19.0   17.0
 11 2585.896761 3.290E-30 4.398E-08.06860.333 1411.61150.620.000000          0 1 0          0 0 0 10  8  3        8  6  3     q5422308079917122 0    63.0   51.0
 11 2586.402285 1.059E-30 2.108E-04.07270.298 3162.25890.660.004020          0 0 1          0 1 0 10  7  4       10  3  7      532230807294713152    21.0   21.0
 11 2586.638978 7.220E-30 3.101E-01.08030.315 4493.80450.690.002620          0 1 1          0 2 0 10  5  5        9  3  6      432230807294713152    63.0   57.0
 11 2587.350339 8.413E-28 5.710E-02.05640.333 2920.13210.56-.020870          0 0 1          0 1 0  9  7  2        8  5  3      434223807294713152    19.0   17.0
 11 2587.615275 6.111E-29 3.661E-03.06030.315 3141.04610.63-.008480          0 2 0          0 1 0 10  8  3        9  5  4      434233807294713152    63.0   57.0
 11 2587.813210 5.460E-30 6.951E-04.03960.250 3347.78290.55-.007280          0 1 0          0 0 0 13 12  1       13  9  4      372230807260713049    81.0   81.0
 11 2587.814141 1.820E-30 6.951E-04.03960.250 3347.78200.55-.007270          0 1 0          0 0 0 13 12  2       13  9  5      372230807260713049    27.0   27.0
 11 2587.841758 2.525E-27 5.701E-02.05450.333 2919.63300.54-.019360          0 0 1          0 1 0  9  7  3        8  5  4      534223807294713152    57.0   51.0
 11 2587.948582 5.282E-28 1.104E-03.08400.352 2181.08990.700.006600          1 0 0          0 1 0  8  4  4        7  1  7      534223807294713152    17.0   15.0
 11 2588.202063 8.517E-29 2.194E-02.06290.281 3441.03960.580.002340          0 3 0          0 1 0 10  2  9       11  3  8      434233807294713152    63.0   69.0
 11 2588.227266 1.351E-28 3.022E-03.05620.250 2748.09970.54-.018390          0 2 0          0 0 0 12  3  9       13  6  8      434233807260713049    25.0   27.0
 11 2588.616162 9.412E-30 1.044E-03.05320.221 3360.60030.500.000940          0 1 0          0 0 0 16  8  9       15  5 10      472230807260713049    99.0   93.0
 11 2588.693952 4.785E-29 9.442E-04.06360.298 2705.09690.620.007310          0 2 0          0 1 0 11  5  7       10  0 10      434233807294713152    23.0   21.0
 11 2588.954210 4.880E-29 5.026E-06.07070.315 1810.58790.67-.006940          0 2 0          0 0 0  9  2  7        9  7  2      532230807260713049    57.0   57.0
 11 2589.185128 2.078E-29 3.711E-03.05630.315 3139.47590.60-.006860          0 2 0          0 1 0 10  8  2        9  5  5      334233807294713152    21.0   19.0
 11 2589.649639 1.404E-28 2.076E-02.05580.281 3136.41250.52-.018840          1 0 0          0 1 0 12  3  9       11  2 10      434233807294713152    25.0   23.0
 11 2589.728415 2.643E-30 1.454E-04.06420.281 2915.89430.650.005090          0 2 0          0 1 0 11  6  6       11  1 11      432230807294713152    23.0   23.0
 11 2589.848264 1.747E-29 1.598E-05.06430.298 2054.36870.63-.009740          0 2 0          0 0 0 10  2  8       10  7  3      432230807260713049    21.0   21.0
 11 2589.867407 1.293E-26 5.074E-03.04290.265 2124.95140.41-.010190          0 2 0          0 0 0 11  1 10       12  4  9      464426807260713049    69.0   75.0
 11 2589.976596 5.409E-29 2.404E-02.03660.333 3306.29550.46-.028190          0 0 1          0 1 0  9  9  0        8  7  1      434233807294713152    19.0   17.0
 11 2589.976916 1.623E-28 2.404E-02.03660.333 3306.29510.46-.028180          0 0 1          0 1 0  9  9  1        8  7  2      434233807294713152    57.0   51.0
 11 2590.387840 8.302E-28 1.673E-06.08690.371  888.59880.71-.005670          0 2 0          0 0 0  5  0  5        6  5  2      534223807260713049    33.0   39.0
 11 2590.966299 1.050E-28 1.037E-04.06170.265 2105.86790.590.002100          0 2 0          0 0 0 12  0 12       12  3  9      434233807260713049    25.0   25.0
 11 2591.406404 5.158E-28 1.053E-05.07440.315 1477.29740.67-.006810          0 2 0          0 0 0  9  0  9        9  5  4      534223807260713049    57.0   57.0
 11 2591.505421 1.073E-30 8.479E-04.08520.371 3601.85890.700.006390          1 1 0          0 2 0  7  4  3        6  1  6      432230807294713152    45.0   39.0
 11 2592.309911 1.939E-28 3.696E-03.07660.315 2904.67050.67-.004370          1 0 0          0 1 0 10  6  5        9  3  6      534233807294713152    63.0   57.0
 11 2592.666476 1.746E-30 4.287E-01.07780.298 4644.21690.680.014610          0 1 1          0 2 0 11  4  7       10  2  8      432230807294713152    23.0   21.0
 11 2592.905944 2.583E-28 4.244E-02.04530.333 3101.14230.49-.022710          0 0 1          0 1 0  9  8  1        8  6  2      434233807294713152    19.0   17.0
 11 2592.924375 7.750E-28 4.244E-02.04510.333 3101.12380.49-.022650          0 0 1          0 1 0  9  8  2        8  6  3      434223807294713152    57.0   51.0
 11 2593.052956 2.412E-27 1.015E-01.05910.315 2841.43080.530.007820          0 0 1          0 1 0 10  5  6        9  3  7      534426807294713152    21.0   19.0
 11 2593.203467 3.670E-27 1.774E-04.06230.315 1631.38300.59-.008310          0 2 0          0 0 0  8  3  6        9  6  3      534223807260713049    51.0   57.0
 11 2593.227993 6.738E-29 4.946E-05.09110.412 1875.46970.730.007020          0 0 1          0 1 0  5  5  0        4  1  3      534233807294713152    11.0    9.0
 11 2593.264269 4.744E-30 3.635E-02.05970.250 4174.03850.56-.000130          0 3 0          0 1 0 12  3 10       13  4  9      432230807294713152    75.0   81.0
 11 2593.949209 3.814E-30 1.658E-03.02310.172 3675.11310.310.001540          0 1 0          0 0 0 19  3 16       19  0 19      472230807260713049   117.0  117.0
 11 2593.968758 5.006E-28 1.428E-01.07770.298 3253.73790.71-.014300          0 0 1          0 1 0 11  6  5       10  4  6      434223807294713152    23.0   21.0
 11 2593.998330 7.316E-29 1.536E-04.07880.352 2181.08990.700.003370          0 2 0          0 1 0  8  6  2        7  1  7      434233807294713152    17.0   15.0
 11 2594.069273 8.484E-30 4.822E-04.06350.298 2903.14600.610.007980          1 0 0          0 1 0 10  6  4       10  1  9      532230807294713152    21.0   21.0
 11 2594.334523 3.516E-30 1.235E-06.06860.298 1875.46180.67-.006070          0 2 0          0 0 0 11  1 11       10  6  4      532230807260713049    23.0   21.0
 11 2594.352154 1.585E-29 7.284E-04.06200.208 2952.38690.660.013740          0 1 0          0 0 0 16  6 10       16  1 15      374233807260713049    33.0   33.0
 11 2594.436036 9.095E-27 2.080E-04.07040.315 1477.29740.65-.011740          0 2 0          0 0 0  8  2  7        9  5  4      534223807260713049    51.0   57.0
 11 2594.897844 1.275E-30 1.664E-03.02380.172 3675.11320.330.002150          0 1 0          0 0 0 19  4 16       19  1 19      472230807260713049    39.0   39.0
 11 2595.039395 1.027E-27 1.690E-04.05430.265 1962.50690.590.004600          0 1 0          0 0 0 12  8  5       12  3 10      474223807260713049    75.0   75.0
 11 2595.154350 2.508E-30 1.543E-03.03630.235 3685.40760.48-.007410          0 1 0          0 0 0 14 12  3       14  9  6      372230807260713049    87.0   87.0
 11 2595.446091 5.716E-29 1.792E-04.07540.315 2512.28290.670.005860          1 0 0          0 1 0  9  5  4        9  0  9      534233807294713152    57.0   57.0
 11 2595.557865 8.243E-30 9.978E-02.07200.352 4188.39430.67-.017110          0 1 1          0 2 0  8  6  2        7  4  3      432230807294713152    51.0   45.0
 11 2595.565103 6.415E-28 6.579E-03.04450.250 2586.52980.43-.016710          0 2 0          0 0 0 12  2 10       13  5  9      434223807260713049    25.0   27.0
 11 2595.728651 5.345E-28 8.296E-03.07040.315 2818.39810.610.001780          0 3 0          0 1 0  8  1  8        9  2  7      434223807294713152    51.0   57.0
 11 2595.878513 3.629E-28 4.903E-05.06080.333 1590.69070.61-.001150          0 2 0          0 0 0  7  4  4        8  7  1      534223807260713049    15.0   17.0
 11 2595.976407 1.231E-27 7.730E-04.06660.250 2042.37410.660.010360          0 1 0          0 0 0 14  5  9       13  2 12      474223807260713049    29.0   27.0
 11 2596.156929 4.708E-30 1.264E-05.06760.298 2254.28440.66-.003970          1 0 0          0 0 0  9  3  7       10  8  2      532230807360713049    19.0   21.0
 11 2596.323278 4.218E-28 2.526E-03.03920.235 2746.02340.390.014350          0 1 0          0 0 0 15  7  8       14  4 11      474426807260713049    93.0   87.0
 11 2596.605928 4.432E-27 3.094E-03.04570.265 2275.37290.47-.003550          0 1 0          0 0 0 13  8  5       12  5  8      474426807260713049    81.0   75.0
 11 2596.687238 6.837E-27 1.126E-05.07670.352  709.60820.700.002500          0 1 0          0 0 0  8  7  1        7  2  6      574426807260713049    17.0   15.0
 11 2597.354064 2.751E-30 9.915E-02.06420.352 4186.56920.59-.014840          0 1 1          0 2 0  8  6  3        7  4  4      532230807294713152    17.0   15.0
 11 2597.458152 6.228E-30 3.213E-04.05270.265 3144.57870.530.001660          1 0 0          0 1 0 12  4  9       12  1 12      432230807294713152    75.0   75.0
 11 2597.492779 1.061E-28 2.728E-01.08030.265 3738.54330.730.020000          0 0 1          0 1 0 13  5  8       12  3  9      434233807294713152    27.0   25.0
 11 2597.495087 1.150E-27 9.676E-02.05800.315 2983.32310.53-.012680          0 0 1          0 1 0 10  6  5        9  4  6      534223807294713152    21.0   19.0
 11 2597.614297 8.251E-30 3.180E-04.08190.352 2724.04150.71-.002060          0 3 0          0 1 0  6  2  4        7  5  3      432230807294713152    13.0   15.0
 11 2597.704251 1.087E-27 4.902E-05.06340.333 1590.69010.630.002780          0 2 0          0 0 0  7  4  3        8  7  2      534223807260713049    45.0   51.0
 11 2597.997758 1.878E-29 8.887E-04.01620.195 2981.35990.090.002320          0 1 0          0 0 0 18  2 16       17  1 17      474233807260713049    37.0   35.0
 11 2598.001304 5.375E-29 4.597E-03.05000.235 3264.33750.54-.024260          1 0 0          0 0 0 13  2 11       14  7  8      434233807360713049    81.0   87.0
 11 2598.131562 5.666E-29 8.938E-04.01630.195 2981.35920.090.002260          0 1 0          0 0 0 18  3 16       17  0 17      474446807260713049   111.0  105.0
 11 2598.167373 7.481E-29 1.207E-04.06960.265 2205.65280.67-.001290          0 1 0          0 0 0 12  9  3       12  4  8      474233807260713049    25.0   25.0
 11 2598.258949 9.015E-30 1.287E-03.06320.250 3127.80320.64-.021310          1 0 0          0 0 0 12  3  9       13  8  6      432230807360713049    25.0   27.0
 11 2598.437385 2.800E-26 5.505E-04.05410.281 1524.84790.560.010860          0 1 0          0 0 0 12  6  7       11  1 10      554426305960713049    75.0   69.0
 11 2598.566958 6.357E-30 5.302E-06.08280.371 2161.28610.710.000240          0 0 1          0 1 0  6  6  0        6  2  5      532230807294713152    39.0   39.0
 11 2598.622712 3.031E-30 1.519E-03.05230.265 3386.05240.520.012860          0 0 1          0 1 0 12  5  8       12  1 11      532230807294713152    25.0   25.0
 11 2599.143574 4.076E-29 7.482E-03.07030.298 3162.25890.630.010130          1 0 0          0 1 0 11  6  6       10  3  7      534233807294713152    23.0   21.0
 11 2599.197847 1.055E-30 4.412E-01.08160.298 4752.73280.710.013220          0 1 1          0 2 0 11  5  6       10  3  7      432230807294713152    23.0   21.0
 11 2599.446042 6.124E-30 8.426E-08.07340.352 1394.81420.650.000000          0 1 0          0 0 0  9  9  0        7  7  0     q5422308079917122 0    57.0   45.0
 11 2599.446090 2.041E-30 8.425E-08.07340.352 1394.81420.650.000000          0 1 0          0 0 0  9  9  1        7  7  1     q5322308079917122 0    19.0   15.0
 11 2599.630607 2.214E-29 4.826E-04.06450.298 2705.09690.600.006260          0 0 1          0 1 0 10  4  7       10  0 10      534233807294713152    21.0   21.0
 11 2599.687606 1.698E-28 1.260E-03.07010.352 2439.95450.63-.005030          1 0 0          0 1 0  8  6  2        7  3  5      534233807294713152    17.0   15.0
 11 2599.807541 5.546E-29 5.707E-04.05920.250 2586.52980.60-.015330          1 0 0          0 0 0 12  0 12       13  5  9      434233807360713049    25.0   27.0
 11 2600.382939 1.186E-26 4.992E-04.06280.298 1437.96860.620.009120          0 1 0          0 0 0 11  7  5       10  2  8      574426307260713049    23.0   21.0
 11 2600.586795 9.443E-28 1.677E-03.06020.265 2433.80040.56-.014760          0 2 0          0 0 0 11  3  8       12  6  7      434223807260713049    69.0   75.0
 11 2601.002197 1.963E-30 5.435E-06.08530.371 2211.19070.740.001410          0 2 0          0 1 0  7  7  1        6  2  4      432230807294713152    15.0   13.0
 11 2601.006133 3.283E-28 2.223E-04.05170.250 2042.37410.580.008100          0 1 0          0 0 0 13  7  7       13  2 12      474223807260713049    27.0   27.0
 11 2601.481055 7.639E-28 1.784E-03.05720.235 2551.48350.600.019250          0 1 0          0 0 0 15  6  9       14  3 12      474426807260713049    93.0   87.0
 11 2601.548091 1.560E-30 6.086E-03.08540.371 3864.96610.69-.006700          0 4 0          0 2 0  5  0  5        6  3  4      432230807294713152    33.0   39.0
 11 2601.805893 1.642E-30 2.812E-03.06570.250 3654.21510.63-.006650          0 0 1          0 1 0 13  4  9       13  2 12      432230807294713152    27.0   27.0
 11 2601.830090 1.328E-29 3.179E-05.08080.352 2181.08990.690.003640          0 0 1          0 1 0  7  5  2        7  1  7      534233807294713152    15.0   15.0
 11 2601.950452 1.937E-29 1.107E-02.04870.221 3443.19190.54-.019970          0 0 1          0 0 0 14  2 13       15  6 10      434233807260713049    29.0   31.0
 11 2602.290194 2.972E-28 1.186E-02.05330.235 2880.83420.520.003480          0 2 0          0 0 0 13  3 11       14  4 10      434223807260713049    27.0   29.0
 11 2602.330929 7.051E-27 2.850E-02.07110.333 2337.46330.61-.011320          0 0 1          0 1 0  9  2  7        8  0  8      534426807294713152    19.0   17.0
 11 2602.476682 3.663E-30 1.913E-04.05860.298 2903.14600.590.008790          0 2 0          0 1 0 11  6  6       10  1  9      432230807294713152    23.0   21.0
 11 2602.804308 3.569E-30 7.579E-05.07820.315 2904.67050.70-.004380          0 0 1          0 1 0  9  7  3        9  3  6      532230807294713152    57.0   57.0
 11 2603.018850 5.651E-28 1.961E-01.07290.281 3535.87050.65-.012010          0 0 1          0 1 0 12  6  6       11  4  7      534223807294713152    75.0   69.0
 11 2603.319469 7.784E-30 2.765E-02.03060.315 3752.41640.41-.027220          0 0 1          0 1 0 10 10  1        9  8  2      432230807294713152    21.0   19.0
 11 2603.319696 2.335E-29 2.765E-02.03060.315 3752.41620.41-.027230          0 0 1          0 1 0 10 10  0        9  8  1      434233807294713152    63.0   57.0
 11 2603.403054 1.704E-29 1.607E-04.08630.371 2399.16550.71-.006380          0 3 0          0 1 0  5  1  5        6  4  2      434233807294713152    11.0   13.0
 11 2603.894622 1.778E-30 1.662E-04.07010.315 2983.32310.64-.007340          0 3 0          0 1 0  9  1  9        9  4  6      432230807294713152    19.0   19.0
 11 2604.116127 3.522E-30 7.089E-02.05510.195 4428.11400.59-.028190          1 0 0          0 0 0 16  4 13       17  7 10      432230807360713049    99.0  105.0
 11 2604.243489 9.895E-30 2.453E-02.05030.208 3758.39670.490.000170          0 2 0          0 0 0 15  4 12       16  5 11      434233807260713049    31.0   33.0
 11 2604.441216 7.599E-29 8.604E-05.06390.281 2321.90570.63-.014010          1 0 0          0 0 0 10  2  9       11  7  4      534233807360713049    63.0   69.0
 11 2604.872084 2.890E-29 4.302E-04.04230.235 2918.24500.46-.010500          0 2 0          0 0 0 14  2 13       14  5 10      434233807260713049    87.0   87.0
 11 2604.930447 7.466E-29 2.896E-05.06250.298 1875.46180.61-.010660          0 2 0          0 0 0 10  1  9       10  6  4      434233807260713049    21.0   21.0
 11 2604.978751 1.492E-30 2.426E-04.05960.281 3136.41250.630.004710          0 2 0          0 1 0 11  7  5       11  2 10      432230807294713152    23.0   23.0
 11 2605.019855 1.513E-29 6.244E-02.07280.352 3739.51880.620.006460          0 1 1          0 2 0  8  3  6        7  1  7      434233807294713152    17.0   15.0
 11 2605.244437 5.555E-30 2.373E-02.06760.208 3870.20150.70-.020290          1 0 0          0 0 0 15  3 13       16  6 10      432230807360713049    31.0   33.0
 11 2605.275579 3.420E-29 1.158E-03.06120.265 2813.52780.63-.016420          0 0 1          0 0 0 11  2  9       12  8  4      534233807260713049    23.0   25.0
 11 2605.508601 1.089E-30 6.977E-02.03660.208 4427.22620.36-.011100          1 0 0          0 0 0 15  6 10       16  9  7      432230807360713049    31.0   33.0
 11 2605.953286 1.991E-28 5.188E-05.08720.391 1920.76660.710.005800          1 0 0          0 1 0  6  5  2        5  0  5      534233807294713152    39.0   33.0
 11 2606.272018 4.380E-28 2.180E-02.04430.281 3135.76490.410.005100          1 0 0          0 1 0 12  4  9       11  1 10      434223807294713152    75.0   69.0
 11 2606.341496 8.827E-29 4.216E-05.07040.281 2144.04630.67-.012830          1 0 0          0 0 0 10  1 10       11  6  5      534233807360713049    63.0   69.0
 11 2606.352439 2.452E-30 7.187E-02.05480.352 4368.63690.55-.019040          0 1 1          0 2 0  8  7  1        7  5  2      432230807294713152    51.0   45.0
 11 2606.459148 1.447E-27 1.993E-06.07530.315  920.16830.700.002310          0 1 0          0 0 0  9  7  2        9  0  9      574223807260713049    57.0   57.0
 11 2606.636150 3.654E-29 4.544E-02.04510.265 3587.66670.420.017570          1 0 0          0 1 0 13  5  9       12  2 10      434233807294713152    27.0   25.0
 11 2606.711945 3.333E-29 2.222E-02.04460.235 3685.40760.46-.008130          0 0 1          0 0 0 13  5  9       14  9  6      534233807260713049    81.0   87.0
 11 2607.103298 5.174E-29 1.767E-05.07400.298 2054.34520.68-.008910          0 0 1          0 0 0  9  1  9       10  7  4      534233807260713049    57.0   63.0
 11 2607.652302 1.303E-27 7.928E-02.05850.315 3141.04610.57-.023960          0 0 1          0 1 0 10  7  3        9  5  4      534223807294713152    63.0   57.0
 11 2607.743219 5.020E-27 7.355E-05.08320.333 1131.77560.70-.006180          0 2 0          0 0 0  7  1  7        8  4  4      534223807260713049    15.0   17.0
 11 2607.990352 9.700E-30 7.818E-04.05420.281 2972.82790.61-.002690          0 0 1          0 0 0 10  6  5       11 10  2      534233807260713049    21.0   23.0
 11 2608.618846 1.283E-29 1.674E-01.06380.333 4224.58650.560.001300          0 1 1          0 2 0  9  5  5        8  3  6      434233807294713152    57.0   51.0
 11 2608.696849 2.917E-29 7.841E-04.05620.281 2972.82790.63-.001540          0 0 1          0 0 0 10  6  4       11 10  1      534233807260713049    63.0   69.0
 11 2608.809152 9.009E-29 1.981E-02.06640.281 3441.03960.610.020000          1 0 0          0 1 0 12  6  7       11  3  8      434233807294713152    75.0   69.0
 11 2609.185279 4.349E-28 7.887E-02.05390.315 3139.47590.53-.019440          0 0 1          0 1 0 10  7  4        9  5  5      534223807294713152    21.0   19.0
 11 2609.559016 2.610E-26 1.034E-03.05080.315 1631.38300.58-.007170          0 1 0          0 0 0 10  9  2        9  6  3      454426305960713049    63.0   57.0
 11 2609.689998 1.472E-30 3.112E-03.03890.235 3922.33040.41-.003580          1 0 0          0 0 0 13  7  6       14 10  5      432230807360713049    81.0   87.0
 11 2609.696565 8.452E-27 1.004E-03.05040.315 1631.24550.58-.007060          0 1 0          0 0 0 10  9  1        9  6  4      434426307360713049    21.0   19.0
 11 2609.774956 1.257E-29 6.949E-03.06290.298 3387.40060.65-.010840          0 2 0          0 1 0 11  8  4       10  5  5      434233807294713152    23.0   21.0
 11 2609.900287 6.500E-30 3.120E-02.05700.250 3879.72080.56-.019200          1 0 0          0 1 0 14  4 10       13  3 11      432230807294713152    29.0   27.0
 11 2610.135136 6.247E-28 8.914E-04.06240.281 2142.59770.56-.007160          0 2 0          0 0 0 10  3  7       11  6  6      434223807260713049    21.0   23.0
 11 2610.511334 5.966E-27 6.504E-03.05380.265 2105.86790.510.003270          0 2 0          0 0 0 11  2 10       12  3  9      434223807260713049    23.0   25.0
 11 2610.528830 4.722E-30 2.219E-05.07760.352 2318.53990.690.001630          0 0 1          0 1 0  7  6  1        7  2  6      532230807294713152    15.0   15.0
 11 2611.173948 1.807E-29 1.206E-04.08450.371 2552.85730.72-.001410          0 3 0          0 1 0  5  2  3        6  5  2      434233807294713152    33.0   39.0
 11 2611.224730 2.704E-30 3.161E-02.02600.298 4240.94200.36-.027980          0 0 1          0 1 0 11 11  1       10  9  2      432230807294713152    69.0   63.0
 11 2611.336135 2.025E-26 2.750E-02.06470.333 2337.66680.570.004570          0 0 1          0 1 0  9  3  7        8  1  8      564426307294713152    57.0   51.0
 11 2611.664545 1.085E-27 7.266E-03.05180.298 2705.13960.48-.012380          1 0 0          0 1 0 11  2  9       10  1 10      534426807294713152    69.0   63.0
 11 2611.785487 7.898E-30 1.110E-04.07290.315 2818.39810.670.006120          1 0 0          0 1 0  9  7  2        9  2  7      532230807294713152    57.0   57.0
 11 2611.893927 2.988E-28 3.977E-05.07550.281 1899.00820.73-.003390          0 1 0          0 0 0 11  9  2       11  4  7      474223807260713049    69.0   69.0
 11 2612.231273 2.551E-30 3.127E-04.06640.298 3058.39840.630.009180          1 0 0          0 1 0 10  7  3       10  2  8      432230807294713152    21.0   21.0
 11 2612.331229 6.156E-29 2.665E-01.06770.265 3843.41040.600.006340          0 0 1          0 1 0 13  6  7       12  4  8      434233807294713152    27.0   25.0
 11 2612.563134 9.427E-28 2.756E-03.07220.333 2495.16590.640.010710          1 0 0          0 1 0  9  5  4        8  2  7      534223807294713152    57.0   51.0
 11 2612.696258 1.217E-28 4.844E-02.03740.315 3526.62750.42-.022130          0 0 1          0 1 0 10  9  1        9  7  2      434233807294713152    63.0   57.0
 11 2612.698851 4.058E-29 4.845E-02.03730.315 3526.62490.42-.022120          0 0 1          0 1 0 10  9  2        9  7  3      434233807294713152    21.0   19.0
 11 2612.710144 7.985E-28 3.087E-04.08650.391 2000.86300.710.007500          0 0 1          0 1 0  6  5  1        5  1  4      534223807294713152    39.0   33.0
 11 2613.409513 2.901E-26 2.206E-04.05920.281 1327.11000.590.007570          0 1 0          0 0 0 12  5  8       11  0 11      574426307260713049    75.0   69.0
 11 2613.667059 1.942E-30 3.124E-03.06620.250 3654.21510.650.011770          0 2 0          0 1 0 14  5  9       13  2 12      432230807294713152    29.0   27.0
 11 2613.859510 7.194E-29 7.572E-03.06780.315 2983.32310.61-.013320          0 3 0          0 1 0  8  1  7        9  4  6      434233807294713152    17.0   19.0
 11 2613.910679 3.966E-29 7.186E-03.05440.298 3383.26540.57-.007420          0 2 0          0 1 0 11  8  3       10  5  6      434233807294713152    69.0   63.0
 11 2614.133783 3.453E-27 7.092E-02.05870.315 2690.59370.530.011360          0 0 1          0 1 0 10  4  7        9  2  8      534426807294713152    21.0   19.0
 11 2614.818737 4.466E-28 6.553E-02.04620.315 3321.01330.48-.022700          0 0 1          0 1 0 10  8  2        9  6  3      434223807294713152    63.0   57.0
 11 2614.901260 1.489E-28 6.552E-02.04570.315 3320.92970.48-.022470          0 0 1          0 1 0 10  8  3        9  6  4      434233807294713152    21.0   19.0
 11 2615.248149 7.371E-30 2.957E-05.08250.391 2406.14310.70-.003960          0 3 0          0 1 0  4  2  3        5  5  0      432230807294713152    27.0   33.0
 11 2615.326087 1.409E-29 2.016E-01.07150.315 4263.15040.62-.002990          0 1 1          0 2 0 10  3  7        9  1  8      434233807294713152    63.0   57.0
 11 2615.427774 1.006E-30 2.048E-04.07530.298 3162.25890.66-.000620          0 3 0          0 1 0 10  0 10       10  3  7      432230807294713152    21.0   21.0
 11 2615.630890 1.059E-30 9.144E-02.07580.333 4386.31320.70-.016370          0 1 1          0 2 0  9  6  3        8  4  4      432230807294713152    19.0   17.0
 11 2615.792163 3.377E-28 6.804E-03.04930.298 2705.09690.46-.001910          1 0 0          0 1 0 11  3  9       10  0 10      434223807294713152    23.0   21.0
 11 2615.797435 2.336E-29 1.457E-01.06590.333 4071.73340.580.011520          0 1 1          0 2 0  9  4  6        8  2  7      434233807294713152    57.0   51.0
 11 2615.865412 1.445E-28 2.330E-03.05440.235 2918.24500.58-.014910          0 0 1          0 0 0 13  1 13       14  5 10      434233807260713049    81.0   87.0
 11 2615.961681 1.138E-30 5.812E-01.08280.281 5034.38720.740.015790          0 1 1          0 2 0 12  5  7       11  3  8      432230807294713152    75.0   69.0
 11 2616.131925 6.622E-30 6.150E-06.07630.315 2009.80500.70-.007320          0 0 1          0 0 0  8  2  7        9  8  2      532230807260713049    17.0   19.0
 11 2616.190785 1.025E-26 2.221E-04.06850.265 1557.84770.640.001090          0 1 0          0 0 0 13  4  9       12  1 12      574426807260713049    81.0   75.0
 11 2616.369954 1.870E-29 3.722E-05.08090.352 2392.59260.720.003060          0 2 0          0 1 0  8  7  2        7  2  5      434233807294713152    51.0   45.0
 11 2616.507840 2.182E-30 1.088E-01.03800.195 4612.79040.39-.024700          1 0 0          0 0 0 16  5 12       17  8  9      432230807360713049    99.0  105.0
 11 2617.419903 2.402E-30 1.338E-02.05670.315 4068.70380.510.000630          1 1 0          0 2 0 10  3  8        9  0  9      432230807294713152    63.0   57.0
 11 2617.456569 1.685E-30 2.704E-05.07890.333 2595.81300.700.003500          1 0 0          0 1 0  8  7  1        8  2  6      432230807294713152    17.0   17.0
 11 2617.478767 3.075E-30 2.765E-05.05590.250 2586.52980.59-.008330          0 2 0          0 0 0 14  0 14       13  5  9      432230807260713049    29.0   27.0
 11 2618.690788 1.299E-27 1.558E-01.06910.281 3314.85570.610.008030          0 0 1          0 1 0 12  4  8       11  2  9      534223807294713152    75.0   69.0
 11 2618.831461 3.197E-27 4.607E-04.06940.298 1874.97300.630.002000          0 2 0          0 0 0  9  3  6       10  6  5      534223807260713049    57.0   63.0
 11 2619.621819 5.109E-30 6.667E-04.05880.281 3314.85570.580.010140          1 0 0          0 1 0 11  7  4       11  2  9      432230807294713152    69.0   69.0
 11 2620.080232 5.012E-30 1.416E-01.06170.333 4381.73540.57-.014350          0 1 1          0 2 0  9  6  4        8  4  5      432230807294713152    57.0   51.0
 11 2620.659956 4.208E-30 4.424E-02.06390.195 4291.90750.66-.018750          0 0 1          0 0 0 16  2 14       17  6 11      432230807260713049    99.0  105.0
 11 2620.700900 7.273E-28 1.487E-05.06470.352 1394.81420.660.001360          0 2 0          0 0 0  6  4  3        7  7  0      534223807260713049    39.0   45.0
 11 2620.860682 4.100E-29 2.874E-04.07230.371 2399.16550.70-.012290          1 0 0          0 1 0  7  7  1        6  4  2      434233807294713152    15.0   13.0
 11 2621.106586 1.441E-27 1.214E-01.05310.298 3224.54660.48-.004140          0 0 1          0 1 0 11  6  6       10  4  7      534223807294713152    69.0   63.0
 11 2621.238693 2.422E-28 1.486E-05.06600.352 1394.81420.670.002830          0 2 0          0 0 0  6  4  2        7  7  1      534233807260713049    13.0   15.0
 11 2621.370153 1.016E-27 1.254E-03.08530.371 2041.78060.700.006870          0 0 1          0 1 0  7  4  3        6  0  6      534223807294713152    15.0   13.0
 11 2621.601563 4.147E-30 1.610E-03.01440.183 3647.46080.040.000320          0 1 0          0 0 0 19  3 16       18  2 17      472230807260713049   117.0  111.0
 11 2621.644729 1.239E-28 2.886E-04.07070.371 2398.38150.69-.012310          1 0 0          0 1 0  7  7  0        6  4  3      534233807294713152    45.0   39.0
 11 2621.921555 6.971E-30 6.913E-06.05680.221 2358.30160.650.006510          0 1 0          0 0 0 14  7  8       15  0 15      472230807260713049    87.0   93.0
 11 2621.972682 1.725E-27 9.959E-05.06630.333 1411.64190.62-.005880          0 2 0          0 0 0  7  3  5        8  6  2      534223807260713049    15.0   17.0
 11 2622.462471 4.757E-28 4.294E-03.04110.250 2586.52980.41-.000440          0 1 0          0 0 0 14  8  6       13  5  9      474223807260713049    29.0   27.0
 11 2622.551640 1.446E-30 1.685E-03.01520.183 3647.45940.070.001100          0 1 0          0 0 0 19  4 16       18  1 17      472230807260713049    39.0   37.0
 11 2622.575533 1.302E-25 2.340E-03.05640.301 1446.12830.52-.005840          0 2 0          0 0 0  9  0  9       10  3  8      564726305960163049    57.0   63.0
 11 2623.658165 4.515E-29 1.693E-01.05090.250 4052.81090.490.020000          1 0 0          0 1 0 14  6  9       13  3 10      434233807294713152    87.0   81.0
 11 2623.883566 1.467E-28 2.747E-04.04980.250 2248.06450.560.006170          0 1 0          0 0 0 13  8  6       13  3 11      474233807260713049    27.0   27.0
 11 2624.488999 9.193E-29 1.028E-05.07790.298 1616.45310.74-.003250          0 1 0          0 0 0 10  9  1       10  4  6      472230807260713049    21.0   21.0
 11 2624.508442 6.043E-29 3.338E-04.06930.265 2437.50190.67-.014020          0 0 1          0 0 0 11  0 11       12  6  6      434233807260713049    23.0   25.0
 11 2624.680642 5.083E-29 3.440E-01.07380.250 4174.03850.670.020000          0 0 1          0 1 0 14  6  8       13  4  9      434233807294713152    87.0   81.0
 11 2625.025031 2.601E-29 6.830E-02.05870.265 3738.54330.550.020000          1 0 0          0 1 0 13  6  8       12  3  9      434233807294713152    27.0   25.0
 11 2625.544249 4.296E-29 4.924E-04.06960.265 2813.51210.68-.016730          1 0 0          0 0 0 11  3  8       12  8  5      534233807360713049    69.0   75.0
 11 2625.763018 2.854E-27 1.153E-01.05400.298 3072.72640.490.010560          0 0 1          0 1 0 11  5  7       10  3  8      534426807294713152    69.0   63.0
 11 2626.109841 1.850E-28 1.036E-01.06220.298 3387.40060.61-.029750          0 0 1          0 1 0 11  7  4       10  5  5      534233807294713152    23.0   21.0
 11 2626.162764 5.073E-30 5.511E-02.03160.298 3997.50850.38-.024390          0 0 1          0 1 0 11 10  1       10  8  2      432230807294713152    23.0   21.0
 11 2626.163079 1.522E-29 5.512E-02.03160.298 3997.50820.38-.024380          0 0 1          0 1 0 11 10  2       10  8  3      434233807294713152    69.0   63.0
 11 2626.255982 3.867E-28 2.202E-03.06510.333 2630.19260.59-.002110          1 0 0          0 1 0  9  6  3        8  3  6      534223807294713152    57.0   51.0
 11 2626.294975 1.244E-29 6.832E-04.06070.281 3135.76490.600.011580          1 0 0          0 1 0 11  6  5       11  1 10      534233807294713152    69.0   69.0
 11 2626.410658 2.240E-30 2.950E-01.01790.172 4608.55620.15-.017480          1 0 0          0 0 0 18  1 17       19  4 16      332230807360713049    37.0   39.0
 11 2626.652490 9.344E-28 6.742E-03.07240.333 2630.19260.62-.007430          0 3 0          0 1 0  7  0  7        8  3  6      434223807294713152    45.0   51.0
 11 2626.745010 6.730E-30 2.950E-01.01730.172 4608.22340.13-.016970          1 0 0          0 0 0 18  2 17       19  3 16      432230807360713049   111.0  117.0
 11 2626.766739 2.355E-28 7.245E-05.05870.281 1843.02960.57-.007130          0 2 0          0 0 0 11  1 11       11  4  8      534233807260713049    23.0   23.0
 11 2627.226912 1.573E-29 5.197E-05.07270.333 2495.16590.660.003010          0 0 1          0 1 0  8  6  2        8  2  7      534233807294713152    51.0   51.0
 11 2627.433649 1.574E-30 3.580E-06.08400.352 2392.59260.730.000910          1 0 0          0 1 0  7  7  0        7  2  5      532230807294713152    45.0   45.0
 11 2627.568581 2.671E-30 3.245E-05.08570.391 2406.14090.73-.000650          0 3 0          0 1 0  4  2  2        5  5  1      432230807294713152     9.0   11.0
 11 2627.742381 1.258E-29 7.127E-04.06950.281 2915.89430.63-.010560          0 0 1          0 1 0 11  3  8       11  1 11      534233807294713152    23.0   23.0
 11 2628.385335 1.879E-30 1.029E-01.07800.315 4493.80450.68-.004450          0 4 0          0 2 0  8  2  7        9  3  6      432230807294713152    51.0   57.0
 11 2628.577853 1.894E-30 1.267E-02.05630.235 4184.83110.580.019150          0 2 0          0 1 0 15  6  9       14  3 12      432230807294713152    93.0   87.0
 11 2628.631025 1.566E-27 2.332E-04.07680.315 1631.24550.700.003270          0 2 0          0 0 0  8  3  5        9  6  4      434223807260713049    17.0   19.0
 11 2628.646361 1.864E-29 1.206E-02.06640.281 3659.90400.68-.011710          0 2 0          0 1 0 12  8  5       11  5  6      434233807294713152    75.0   69.0
 11 2629.083870 1.442E-29 5.799E-07.07180.315 1631.38300.67-.004950          0 2 0          0 0 0 10  1 10        9  6  3      532230807260713049    63.0   57.0
 11 2629.291587 1.638E-30 1.130E-01.05450.333 4564.03480.54-.019360          0 1 1          0 2 0  9  7  3        8  5  4      432230807294713152    57.0   51.0
 11 2629.635000 1.107E-29 4.125E-02.04250.221 3824.49830.45-.021270          0 0 1          0 0 0 14  4 11       15  8  8      434233807260713049    29.0   31.0
 11 2630.100373 5.558E-28 1.020E-01.05190.298 3383.26540.50-.021660          0 0 1          0 1 0 11  7  5       10  5  6      534223807294713152    69.0   63.0
 11 2630.241424 6.641E-30 3.689E-02.08550.352 3967.48850.69-.001590          0 4 0          0 2 0  6  1  6        7  2  5      432230807294713152    39.0   45.0
 11 2630.280612 6.741E-27 5.669E-03.05290.265 2275.37290.51-.018180          0 2 0          0 0 0 11  2  9       12  5  8      434223807260713049    69.0   75.0
 11 2630.349568 3.905E-30 2.019E-03.08740.391 3478.98660.710.007010          0 1 1          0 2 0  6  4  2        5  0  5      432230807294713152    39.0   33.0
 11 2630.728114 3.241E-28 7.139E-05.05800.250 1806.67160.620.007510          0 1 0          0 0 0 13  6  8       13  1 13      474223807260713049    27.0   27.0
 11 2630.962499 5.370E-26 2.801E-03.06060.298 1437.96860.540.001130          0 2 0          0 0 0  9  1  9       10  2  8      554426305960713049    19.0   21.0
 11 2631.147744 1.567E-29 5.700E-02.03910.221 4045.32130.39-.008390          1 0 0          0 0 0 14  6  9       15  9  6      434233807360713049    87.0   93.0
